time (s)	theta (A)	maj axis/z0	min axis/z0	crossing#mod 255
6863.434277	40.923111	-0.621285	-0.209877	163
6865.502893	40.918221	-0.623227	-0.208610	165
6867.575931	41.203316	-0.624571	-0.207192	167
6869.641825	41.483379	-0.626915	-0.205971	169
6871.710254	41.925434	-0.629110	-0.204613	171
6873.775570	42.377148	-0.632197	-0.203348	173
6875.844034	42.563282	-0.631710	-0.201483	175
6877.913175	43.085114	-0.632808	-0.200170	177
6879.982500	43.184578	-0.634027	-0.198320	179
6882.053742	43.099697	-0.634917	-0.196897	181
6884.127600	43.088730	-0.637604	-0.195635	183
6886.195505	43.021523	-0.639488	-0.194349	185
6888.268855	42.947266	-0.641042	-0.192970	187
6890.337115	43.104950	-0.643364	-0.191623	189
6892.406320	43.213840	-0.645400	-0.190537	191
6894.477421	43.361382	-0.646292	-0.189412	193
6896.543704	43.675915	-0.648939	-0.188846	195
6898.614527	43.890999	-0.650846	-0.187602	197
6900.681095	44.217758	-0.651998	-0.186151	199
6902.749787	44.573429	-0.653220	-0.184694	201
6904.817927	44.801086	-0.654378	-0.183543	203
6906.887690	44.832264	-0.656164	-0.182636	205
6908.958303	44.783539	-0.657591	-0.181766	207
6911.030288	44.630219	-0.660216	-0.180832	209
6913.101963	44.419247	-0.661858	-0.180070	211
6915.173111	44.197807	-0.663606	-0.178840	213
6917.243544	44.160698	-0.664681	-0.177409	215
6919.311685	44.162876	-0.666470	-0.176236	217
6921.382096	44.236557	-0.667982	-0.174892	219
6923.449587	44.506489	-0.669968	-0.173934	221
6925.519343	44.660664	-0.671794	-0.172909	223
6927.587730	44.855759	-0.672788	-0.171738	225
6929.658207	44.992680	-0.674045	-0.170543	227
6931.727442	45.050987	-0.675194	-0.169680	229
6933.797028	45.092762	-0.677240	-0.169174	231
6935.867274	45.110771	-0.678329	-0.168095	233
6937.936901	45.207169	-0.679528	-0.167463	235
6940.006094	45.408409	-0.681487	-0.166664	237
6942.074823	45.597115	-0.683264	-0.165935	239
6944.141746	45.771957	-0.685086	-0.164974	241
6946.209386	46.063244	-0.687196	-0.164344	243
6948.276246	46.317707	-0.688880	-0.163374	245
6950.343986	46.495129	-0.689500	-0.162306	247
6952.413044	46.651470	-0.689841	-0.161369	249
6954.482338	46.758495	-0.690890	-0.160338	251
6956.552382	46.799503	-0.691921	-0.159447	253
6958.621859	46.842258	-0.692864	-0.158142	255
6960.691468	46.858379	-0.694051	-0.157249	1
6962.760890	46.915771	-0.695297	-0.156369	3
6964.830992	46.912670	-0.696674	-0.155293	5
6966.899456	46.977966	-0.698548	-0.154738	7
6968.968474	47.153912	-0.699166	-0.153678	9
6971.036876	47.253510	-0.699647	-0.152491	11
6973.105022	47.392353	-0.700653	-0.151883	13
6975.173770	47.578148	-0.701825	-0.150926	15
6977.242324	47.754112	-0.702509	-0.150086	17
6979.311410	47.797916	-0.704601	-0.149535	19
6981.380397	47.759041	-0.705396	-0.148953	21
6983.450966	47.678890	-0.706332	-0.148387	23
6985.521428	47.587429	-0.707618	-0.147663	25
6987.591747	47.474968	-0.708397	-0.146941	27
6989.661978	47.352467	-0.709002	-0.146075	29
6991.731993	47.283119	-0.710189	-0.145355	31
6993.802142	47.314106	-0.711934	-0.144723	33
6995.870129	47.335243	-0.713095	-0.143920	35
6997.939632	47.399323	-0.714128	-0.143093	37
7000.008320	47.473885	-0.715281	-0.142156	39
7002.077072	47.573219	-0.716876	-0.141825	41
7004.146205	47.674187	-0.717945	-0.140940	43
7006.215030	47.730679	-0.719102	-0.140256	45
7008.284512	47.806026	-0.720047	-0.139446	47
7010.353494	47.883430	-0.720273	-0.138747	49
7012.422468	48.016838	-0.721234	-0.138163	51
7014.490963	48.149864	-0.722110	-0.137301	53
7016.558366	48.263729	-0.723247	-0.136606	55
7018.626081	48.483704	-0.723888	-0.135972	57
7020.693251	48.700954	-0.725033	-0.135199	59
7022.760531	48.808041	-0.725581	-0.134335	61
7024.828866	48.853596	-0.726632	-0.133806	63
7026.896450	49.002136	-0.728020	-0.133436	65
7028.965791	49.158901	-0.728658	-0.132775	67
7031.034123	49.217396	-0.729304	-0.132058	69
7033.103389	49.227760	-0.730392	-0.131110	71
7035.172472	49.234886	-0.730635	-0.130296	73
7037.241490	49.255150	-0.731566	-0.129476	75
7039.310211	49.295712	-0.732659	-0.128961	77
7041.378912	49.388538	-0.734110	-0.128578	79
7043.447666	49.459793	-0.735955	-0.128255	81
7045.516012	49.470558	-0.736644	-0.127750	83
7047.585096	49.603161	-0.737192	-0.127176	85
7049.653591	49.662556	-0.737621	-0.126356	87
7051.722342	49.711559	-0.739278	-0.126097	89
7053.790975	49.714092	-0.740831	-0.125891	91
7055.860518	49.724857	-0.741645	-0.125325	93
7057.930146	49.680161	-0.742529	-0.124745	95
7060.000154	49.574417	-0.742455	-0.124064	97
7062.069844	49.428295	-0.742865	-0.123393	99
7064.139621	49.307304	-0.743553	-0.123037	101
7066.209425	49.254368	-0.744661	-0.122524	103
7068.278436	49.205132	-0.745827	-0.122291	105
7070.347880	49.209557	-0.746615	-0.121462	107
7072.416218	49.303181	-0.748276	-0.121097	109
7074.485324	49.358074	-0.748545	-0.120580	111
7076.553666	49.410591	-0.749971	-0.120001	113
7078.622533	49.499805	-0.750386	-0.119258	115
7080.691006	49.564896	-0.750963	-0.118461	117
7082.760101	49.640640	-0.751787	-0.117822	119
7084.828140	49.708900	-0.752303	-0.117148	121
7086.896538	49.801987	-0.753240	-0.116519	123
7088.964440	49.942322	-0.754085	-0.115946	125
7091.032463	50.039501	-0.754917	-0.115561	127
7093.099869	50.177376	-0.756036	-0.115034	129
7095.167474	50.323875	-0.756378	-0.114278	131
7097.235064	50.412090	-0.756768	-0.113715	133
7099.302781	50.528919	-0.756818	-0.113202	135
7101.370986	50.616558	-0.756594	-0.112282	137
7103.439194	50.712364	-0.757635	-0.111963	139
7105.507505	50.731998	-0.756994	-0.111481	141
7107.576438	50.771912	-0.757330	-0.110965	143
7109.645362	50.845451	-0.758062	-0.110300	145
7111.713594	50.878422	-0.758844	-0.109679	147
7113.782464	50.897175	-0.759437	-0.109197	149
7115.850682	50.953205	-0.760167	-0.108386	151
7117.919297	50.997501	-0.760596	-0.108037	153
7119.987420	51.135490	-0.760684	-0.107741	155
7122.056251	51.171852	-0.761305	-0.107486	157
7124.124557	51.142380	-0.761102	-0.106832	159
7126.193316	51.167725	-0.761803	-0.106526	161
7128.261655	51.187126	-0.763051	-0.106143	163
7130.331379	51.210129	-0.763680	-0.105699	165
7132.400159	51.133369	-0.764231	-0.105325	167
7134.470079	51.137695	-0.765977	-0.105114	169
7136.539690	51.074615	-0.766695	-0.104688	171
7138.609180	50.955650	-0.767720	-0.104194	173
7140.678528	50.904808	-0.768471	-0.104046	175
7142.747719	50.925327	-0.769281	-0.103714	177
7144.816999	50.902447	-0.769393	-0.103100	179
7146.885368	50.910000	-0.769547	-0.102674	181
7148.954487	50.932816	-0.770626	-0.102201	183
7151.022939	50.919605	-0.771358	-0.101748	185
7153.091457	51.014156	-0.772170	-0.100923	187
7155.159705	51.060444	-0.772769	-0.100699	189
7157.228106	51.126064	-0.773817	-0.100251	191
7159.296136	51.144588	-0.774314	-0.099881	193
7161.364265	51.249592	-0.774157	-0.099280	195
7163.432358	51.317940	-0.773787	-0.098744	197
7165.499603	51.406006	-0.773995	-0.098148	199
7167.567414	51.516499	-0.774018	-0.097444	201
7169.635294	51.581673	-0.774901	-0.097044	203
