time (s)	energy (uJ)	charge (mC)	voltage (mV)	crossing#mod 255
7865.138551	5.493947	1.897843	2.894837	194
7866.145016	5.332764	1.918783	2.779243	195
7867.193772	5.706083	1.916391	2.977515	196
7868.210061	5.136085	1.849728	2.776671	197
7869.262767	5.632542	1.903076	2.959704	198
7870.289346	5.228750	1.901944	2.749161	199
7871.325494	5.432727	1.855776	2.927470	200
7872.361805	5.002109	1.852512	2.700177	201
7873.391426	5.816449	1.920013	3.029381	202
7874.430301	5.284486	1.919584	2.752933	203
7875.453401	5.874519	1.907690	3.079389	204
7876.496645	5.064115	1.920683	2.636622	205
7877.517653	5.695456	1.921230	2.964484	206
7878.567058	5.429210	1.919990	2.827728	207
7879.590765	5.664639	1.857774	3.049154	208
7880.635842	5.236881	1.917511	2.731083	209
7881.658254	5.577194	1.897051	2.939928	210
7882.699490	5.557910	1.917133	2.899074	211
7883.718251	5.492759	1.914917	2.868406	212
7884.765584	5.595852	1.883281	2.971331	213
7885.794570	5.494802	1.904245	2.885554	214
7886.823428	5.807853	1.921847	3.022016	215
7887.868947	5.150789	1.911718	2.694325	216
7888.892795	5.762732	1.888249	3.051893	217
7889.942457	5.277673	1.913716	2.757815	218
7890.952564	6.012762	1.925600	3.122540	219
7892.016409	5.172665	1.909255	2.709258	220
7893.016432	5.732139	1.884198	3.042217	221
7894.085882	5.415058	1.922757	2.816299	222
7895.083404	5.843707	1.885162	3.099843	223
7896.154165	5.330503	1.895053	2.812852	224
7897.144633	5.628012	1.882535	2.989591	225
7898.225975	5.582800	1.915611	2.914370	226
7899.211586	5.611785	1.872234	2.997374	227
7900.294003	5.659779	1.912397	2.959522	228
7901.282929	5.822695	1.903261	3.059326	229
7902.358625	5.555973	1.893361	2.934450	230
7903.349578	5.586586	1.884427	2.964608	231
7904.427903	5.701856	1.912850	2.980817	232
7905.417699	5.848319	1.910037	3.061887	233
7906.488860	5.553702	1.874774	2.962332	234
7907.483127	5.760046	1.914603	3.008481	235
7908.556851	5.600685	1.917434	2.920927	236
7909.557092	5.984690	1.921289	3.114935	237
7910.626285	5.563329	1.908179	2.915518	238
7911.617232	5.755945	1.828862	3.147282	239
7912.700763	5.401053	1.894062	2.851573	240
7913.693435	5.982597	1.912511	3.128138	241
7914.766232	5.499060	1.924120	2.857961	242
7915.757076	6.129966	1.920028	3.192645	243
7916.820685	5.220338	1.822501	2.864382	244
7917.838236	6.104528	1.922837	3.174750	245
7918.880508	5.589953	1.916790	2.916310	246
7919.914369	5.962865	1.896684	3.143837	247
7920.941237	5.454518	1.841083	2.962669	248
7921.986418	5.844444	1.914641	3.052501	249
7923.005271	5.829389	1.919525	3.036891	250
7924.050447	5.863728	1.923903	3.047829	251
7925.067984	5.898665	1.895768	3.111491	252
7926.121438	5.677270	1.911249	2.970450	253
7927.143297	6.010185	1.889138	3.181444	254
7928.195358	5.653024	1.915076	2.951854	255
7929.211740	6.120390	1.925397	3.178768	0
7930.253320	5.662621	1.910172	2.964455	1
7931.280777	6.136149	1.900953	3.227933	2
7932.319774	5.374172	1.849370	2.905948	3
7933.351294	6.216563	1.921772	3.234809	4
7934.392672	5.661211	1.909858	2.964206	5
7935.413273	6.254093	1.911476	3.271865	6
7936.457581	5.721721	1.930112	2.964450	7
7937.481692	6.042998	1.837775	3.288214	8
7938.523512	5.730338	1.922051	2.981366	9
7939.550775	6.219835	1.923502	3.233599	10
7940.589935	5.728634	1.910716	2.998162	11
7941.619160	6.296896	1.911229	3.294684	12
7942.652054	5.695475	1.888471	3.015920	13
7943.686106	6.099040	1.865346	3.269656	14
7944.719512	5.725626	1.916595	2.987395	15
7945.751054	6.300114	1.922965	3.276250	16
7946.790438	5.705800	1.906634	2.992603	17
7947.817074	6.403221	1.926226	3.324231	18
7948.859507	5.736247	1.913535	2.997723	19
7949.882830	6.342498	1.928967	3.288028	20
7950.928426	5.758384	1.916114	3.005241	21
7951.947865	6.253895	1.877302	3.331320	22
7952.998193	5.823484	1.914239	3.042193	23
7954.014517	6.041373	1.855559	3.255823	24
7955.066165	5.731980	1.845873	3.105296	25
7956.082756	6.244528	1.924731	3.244364	26
7957.131139	6.046723	1.926683	3.138412	27
7958.153492	6.112727	1.905963	3.207159	28
7959.204265	6.070415	1.887670	3.215823	29
7960.224338	5.897010	1.892411	3.116136	30
7961.259541	6.152904	1.869995	3.290331	31
7962.306442	5.839961	1.899804	3.073981	32
7963.318889	6.426826	1.914672	3.356619	33
7964.371899	5.694050	1.870252	3.044537	34
7965.382409	6.465528	1.920847	3.365979	35
7966.444139	5.745858	1.908968	3.009929	36
7967.452553	6.373158	1.889633	3.372697	37
7968.515618	5.651702	1.885273	2.997817	38
7969.517914	6.390019	1.917710	3.332110	39
7970.585234	5.916355	1.923339	3.076086	40
7971.576464	6.416008	1.916668	3.347481	41
7972.661633	5.769437	1.879354	3.069906	42
7973.645125	6.234057	1.877366	3.320641	43
7974.719237	6.011953	1.913927	3.141161	44
7975.713180	6.241650	1.883175	3.314429	45
7976.787177	5.995547	1.906311	3.145104	46
7977.788802	6.256281	1.894037	3.303147	47
7978.853559	6.048793	1.920434	3.149701	48
7979.856725	6.309114	1.921252	3.283855	49
7980.922383	6.060918	1.909772	3.173635	50
7981.916326	6.409815	1.918363	3.341294	51
7982.997937	5.997565	1.908275	3.142926	52
7983.982854	6.388404	1.913564	3.338485	53
7985.057437	5.960261	1.893636	3.147522	54
7986.050676	6.259992	1.848926	3.385746	55
7987.124184	5.962447	1.914168	3.114903	56
7988.127642	6.492732	1.902466	3.412798	57
7989.189805	5.684933	1.835357	3.097454	58
7990.198626	6.566860	1.926351	3.408964	59
7991.252437	5.823284	1.885892	3.087815	60
7992.271177	6.505831	1.911895	3.402818	61
7993.314782	6.024523	1.906467	3.160046	62
7994.336314	6.439096	1.909061	3.372913	63
7995.385719	6.199174	1.921347	3.226473	64
7996.409105	6.457633	1.917289	3.368107	65
7997.447578	6.238317	1.917817	3.252821	66
7998.488859	6.321558	1.921126	3.290549	67
7999.511939	6.408827	1.929485	3.321522	68
8000.558970	6.245350	1.915000	3.261280	69
8001.569595	6.436872	1.916174	3.359232	70
8002.628467	5.992316	1.857759	3.225562	71
8003.635667	6.456044	1.896143	3.404830	72
8004.695927	6.161858	1.920684	3.208158	73
8005.705282	6.281512	1.830962	3.430717	74
8006.763347	6.161940	1.926081	3.199212	75
8007.772310	6.564645	1.900512	3.454146	76
8008.829313	6.094441	1.916831	3.179436	77
8009.841140	6.652913	1.916214	3.471905	78
8010.888427	6.069212	1.913637	3.171560	79
8011.909130	6.542598	1.879699	3.480663	80
8012.955329	6.054718	1.897705	3.190547	81
8013.977106	6.662859	1.900662	3.505546	82
8015.023221	6.064284	1.895317	3.199615	83
8016.053131	6.686145	1.913723	3.493790	84
8017.090687	5.929882	1.840885	3.221213	85
8018.119531	6.725914	1.917091	3.508396	86
8019.159077	6.143095	1.907915	3.219795	87
8020.177992	6.808532	1.914248	3.556765	88
8021.227087	6.224172	1.914021	3.251883	89
8022.244875	6.766918	1.913205	3.536953	90
8023.296596	6.229156	1.912127	3.257709	91
8024.311710	6.767987	1.917502	3.529585	92
8025.372004	6.243722	1.909762	3.269372	93
8026.379254	6.725145	1.916952	3.508250	94
8027.438952	6.351429	1.922453	3.303815	95
8028.448137	6.608614	1.908470	3.462781	96
8029.497549	6.390326	1.908444	3.348449	97
8030.524781	6.599255	1.922129	3.433305	98
8031.562985	6.571854	1.914183	3.433242	99
8032.595318	6.323290	1.871369	3.378965	100
8033.634572	6.659457	1.921546	3.465677	101
8034.667856	6.386703	1.911130	3.341847	102
8035.689323	6.722774	1.914077	3.512280	103
8036.739977	6.208740	1.887329	3.289697	104
8037.751987	6.532354	1.845046	3.540483	105
8038.812570	6.200296	1.892323	3.276554	106
8039.815812	6.737355	1.876100	3.591150	107
8040.876800	6.234338	1.918370	3.249810	108
8041.880023	6.927134	1.918480	3.610741	109
8042.947111	6.283083	1.912206	3.285778	110
8043.952542	6.854088	1.905182	3.597603	111
8045.024041	6.266537	1.911723	3.277953	112
8046.018936	6.873466	1.918519	3.582695	113
8047.084190	6.415705	1.919217	3.342876	114
8048.077366	6.828822	1.911628	3.572255	115
8049.159035	6.392504	1.924430	3.321765	116
8050.146056	6.832735	1.916762	3.564727	117
8051.226491	6.409066	1.932212	3.316959	118
8052.214212	6.609375	1.851905	3.568961	119
8053.286740	6.180542	1.853975	3.333670	120
8054.281486	6.555645	1.837091	3.568492	121
8055.354523	6.359098	1.904566	3.338871	122
8056.357255	6.734502	1.883378	3.575758	123
8057.428832	6.336814	1.895167	3.343671	124
8058.416964	6.860841	1.910427	3.591261	125
8059.488595	6.240904	1.881178	3.317552	126
8060.485664	6.948593	1.929876	3.600539	127
8061.562179	6.285904	1.898844	3.310386	128
8062.564214	6.949949	1.918266	3.623037	129
8063.618256	6.440951	1.925045	3.345871	130
8064.635186	6.925572	1.922126	3.603079	131
8065.682017	6.492190	1.923444	3.375294	132
8066.698918	6.608169	1.843190	3.585180	133
8067.752833	6.504881	1.900401	3.422900	134
8068.771116	6.743825	1.895343	3.558102	135
8069.807645	6.339386	1.842641	3.440380	136
8070.850942	6.845551	1.925840	3.554579	137
8071.871374	6.671615	1.912278	3.488832	138
8072.913699	6.711397	1.907023	3.519305	139
8073.944968	6.608312	1.854748	3.562917	140
8074.983970	6.665599	1.917978	3.475327	141
8076.002626	6.828452	1.903642	3.587046	142
8077.060460	6.599139	1.917236	3.442008	143
8078.077235	6.919577	1.912774	3.617561	144
8079.120162	6.450964	1.877869	3.435258	145
8080.137431	7.025088	1.920943	3.657104	146
8081.187709	6.292677	1.843065	3.414247	147
8082.212724	6.983856	1.905764	3.664598	148
8083.254534	6.535904	1.904725	3.431417	149
8084.272346	7.078063	1.918394	3.689578	150
8085.330820	6.460491	1.896569	3.406409	151
8086.340969	6.929312	1.869560	3.706386	152
8087.390443	6.378126	1.868400	3.413683	153
8088.416125	6.950499	1.883991	3.689243	154
8089.457671	6.537359	1.914540	3.414584	155
8090.483536	6.978627	1.890180	3.692043	156
8091.533106	6.551052	1.910731	3.428558	157
8092.543026	6.836954	1.862396	3.671052	158
8093.601146	6.665464	1.919066	3.473285	159
8094.609782	6.994241	1.898876	3.683359	160
8095.669095	6.650791	1.920968	3.462209	161
8096.677807	7.023221	1.919467	3.658944	162
8097.728848	6.570321	1.888320	3.479454	163
8098.753386	6.967780	1.913897	3.640625	164
8099.794602	6.699284	1.913039	3.501906	165
8100.814860	6.901604	1.891247	3.649235	166
8101.868964	6.723942	1.885399	3.566324	167
8102.883839	6.921205	1.916997	3.610442	168
8103.933828	6.934040	1.918062	3.615128	169
8104.954354	6.899931	1.920230	3.593284	170
8105.990699	6.974040	1.899923	3.670696	171
8107.025815	6.650684	1.880104	3.537403	172
8108.054070	7.141236	1.914500	3.730078	173
8109.106040	6.652469	1.895106	3.510342	174
8110.116191	7.097114	1.893458	3.748228	175
8111.169139	6.678463	1.921661	3.475359	176
8112.188789	7.243514	1.921143	3.770419	177
8113.241006	6.672740	1.919455	3.476372	178
8114.245066	7.254037	1.915560	3.786902	179
8115.319163	6.677922	1.921678	3.475048	180
8116.311206	7.145631	1.879915	3.801040	181
8117.388162	6.530935	1.874228	3.484601	182
8118.378186	7.004626	1.850806	3.784636	183
8119.448865	6.674422	1.910933	3.492757	184
8120.452436	7.156898	1.898171	3.770419	185
8121.516760	6.722258	1.915187	3.509975	186
8122.520984	7.148933	1.888955	3.784597	187
8123.592568	6.637773	1.875155	3.539853	188
8124.579742	7.220188	1.910865	3.778491	189
8125.658997	6.838018	1.930197	3.542653	190
8126.647993	7.273861	1.915050	3.798262	191
8127.718808	6.768287	1.902579	3.557428	192
8128.724391	7.228863	1.896022	3.812648	193
8129.785409	6.904263	1.916933	3.601724	194
8130.785012	7.343353	1.905871	3.853016	195
8131.859813	6.770605	1.909429	3.545880	196
8132.852759	7.047780	1.844820	3.820307	197
8133.917828	6.811388	1.913405	3.559826	198
8134.923143	7.201258	1.883956	3.822414	199
8135.983107	6.591335	1.846560	3.569522	200
8137.002375	7.119554	1.862802	3.821959	201
8138.046654	6.809124	1.899660	3.584390	202
8139.065800	7.296570	1.909373	3.821449	203
8140.118434	6.852735	1.877747	3.649446	204
8141.144344	7.241880	1.917924	3.775895	205
8142.181742	6.902710	1.878877	3.673848	206
8143.215482	7.154832	1.911941	3.742183	207
8144.238172	7.016255	1.895192	3.702134	208
8145.278217	6.992156	1.882907	3.713490	209
8146.302803	7.180287	1.918354	3.742941	210
8147.347592	7.100210	1.917116	3.703590	211
8148.377492	7.033688	1.848607	3.804859	212
8149.416593	6.930512	1.896769	3.653853	213
8150.435359	7.236841	1.908522	3.791856	214
8151.493004	7.041001	1.920686	3.665878	215
8152.503432	7.371657	1.922946	3.833522	216
8153.553443	6.621093	1.831821	3.614486	217
8154.578807	7.381390	1.926648	3.831208	218
8155.621415	6.918190	1.911821	3.618640	219
8156.637807	7.372402	1.910424	3.859040	220
8157.696957	6.844448	1.872603	3.655045	221
8158.705898	7.445852	1.919017	3.880033	222
8159.756579	6.897884	1.903227	3.624310	223
8160.781146	7.402494	1.906748	3.882262	224
8161.823367	7.060238	1.917304	3.682378	225
8162.842037	7.396056	1.904529	3.883404	226
8163.899800	6.861192	1.876902	3.655594	227
8164.909433	7.410342	1.916674	3.866250	228
8165.957600	7.085895	1.917900	3.694611	229
8166.985584	7.255385	1.873407	3.872828	230
8168.024897	7.138925	1.913889	3.730062	231
8169.046622	7.371311	1.907491	3.864402	232
8170.099656	7.166459	1.919698	3.733118	233
8171.114796	7.349767	1.922716	3.822596	234
8172.157313	7.280103	1.925103	3.781669	235
8173.185296	7.223918	1.904034	3.794008	236
8174.230391	7.304615	1.922425	3.799688	237
8175.254982	7.117389	1.907672	3.730930	238
8176.287456	7.349606	1.905804	3.856433	239
8177.334144	7.147560	1.925748	3.711576	240
8178.359644	7.452723	1.919837	3.881956	241
8179.397054	7.070155	1.910163	3.701336	242
8180.416112	7.481385	1.918519	3.899563	243
8181.476188	7.115009	1.923379	3.699224	244
8182.480598	7.503743	1.902661	3.943815	245
8183.537928	6.964756	1.897869	3.669777	246
8184.552814	7.576628	1.915248	3.955951	247
8185.608943	6.976767	1.906597	3.659276	248
8186.610948	7.455633	1.899501	3.925049	249
8187.685724	7.017128	1.915987	3.662408	250
8188.677539	7.331978	1.848873	3.965649	251
8189.745430	7.040008	1.919970	3.666728	252
8190.753658	7.418144	1.864831	3.977918	253
8191.822191	7.017439	1.902010	3.689486	254
8192.812551	7.456245	1.881477	3.962976	255
8193.889143	7.057825	1.901821	3.711088	0
8194.880542	7.594671	1.914510	3.966902	1
8195.949068	7.079017	1.909839	3.706604	2
8196.956104	7.442183	1.882044	3.954309	3
8198.015716	7.083598	1.913935	3.701066	4
8199.016724	7.593618	1.910508	3.974659	5
8200.090519	7.163406	1.928626	3.714253	6
8201.085045	7.572949	1.904338	3.976683	7
8202.148693	6.956463	1.881911	3.696488	8
8203.154262	7.603157	1.917488	3.965164	9
8204.214190	7.124155	1.906685	3.736408	10
8205.232535	7.501392	1.893055	3.962585	11
8206.278694	6.943266	1.848887	3.755375	12
8207.294719	7.303536	1.854650	3.937960	13
8208.351597	7.039401	1.871025	3.762324	14
8209.365286	7.526086	1.910479	3.939372	15
8210.416042	7.306637	1.920097	3.805347	16
8211.436782	7.493393	1.917119	3.908674	17
8212.473156	7.375809	1.915358	3.850877	18
8213.515116	7.517344	1.924986	3.905143	19
8214.537998	7.366395	1.908326	3.860135	20
8215.585133	7.381956	1.913182	3.858469	21
8216.603397	7.503564	1.915444	3.917403	22
8217.646650	7.192792	1.873916	3.838374	23
8218.677641	7.543451	1.918013	3.932952	24
