time (s)	energy (uJ)	charge (mC)	voltage (mV)	crossing#mod 255
5822.399088	6.795608	9.686496	0.701555	159
5823.443377	6.415620	9.692479	0.661917	160
5824.469782	7.318666	9.707702	0.753903	161
5825.501357	6.316892	9.714611	0.650247	162
5826.536523	6.581697	9.654259	0.681740	163
5827.569580	6.282036	9.689274	0.648350	164
5828.616113	8.130330	9.722315	0.836255	165
5829.636686	6.274548	9.671454	0.648770	166
5830.673078	6.978423	9.699222	0.719483	167
5831.704875	6.783995	9.733342	0.696985	168
5832.741214	7.189157	9.683437	0.742418	169
5833.785228	6.545334	9.686303	0.675731	170
5834.809344	7.556128	9.689314	0.779841	171
5835.855213	7.145912	9.670295	0.738955	172
5836.888366	7.215777	9.699345	0.743945	173
5837.922685	6.744551	9.693933	0.695750	174
5838.947886	6.950210	9.687154	0.717467	175
5839.980264	6.513770	9.705868	0.671117	176
5841.024900	7.487371	9.701762	0.771754	177
5842.047714	6.821794	9.682137	0.704575	178
5843.096496	7.549796	9.716763	0.776987	179
5844.114408	6.516374	9.688880	0.672562	180
5845.163974	7.489627	9.704685	0.771754	181
5846.184856	6.596495	9.701141	0.679971	182
5847.221580	7.009281	9.711050	0.721784	183
5848.261552	7.271928	9.708925	0.748994	184
5849.292043	7.023853	9.699785	0.724125	185
5850.321367	6.497142	9.682596	0.671012	186
5851.369831	7.585316	9.667834	0.784593	187
5852.388497	6.511514	9.705003	0.670944	188
5853.440889	7.345236	9.684837	0.758426	189
5854.455936	6.694640	9.716325	0.689009	190
5855.497213	6.899029	9.697298	0.711438	191
5856.535923	6.960682	9.686046	0.718630	192
5857.565754	6.881942	9.695363	0.709818	193
5858.591974	6.670235	9.692348	0.688196	194
5859.635589	6.633627	9.710895	0.683112	195
5860.661316	6.765314	9.686385	0.698435	196
5861.713815	7.594222	9.707794	0.782281	197
5862.729349	6.683840	9.686510	0.690015	198
5863.771503	6.746038	9.669364	0.697671	199
5864.809365	7.029948	9.693770	0.725203	200
5865.838936	6.682447	9.666134	0.691326	201
5866.879165	7.059805	9.692654	0.728367	202
5867.918727	7.547676	9.693546	0.778629	203
5868.936602	6.441167	9.682256	0.665255	204
5869.987252	7.542856	9.704796	0.777230	205
5871.006565	6.410737	9.694468	0.661278	206
5872.054046	7.349617	9.695287	0.758061	207
5873.085341	7.219969	9.700213	0.744310	208
5874.112971	7.128549	9.690967	0.735587	209
5875.154813	6.984668	9.693142	0.720578	210
5876.179428	7.247003	9.680963	0.748583	211
5877.212828	6.676697	9.714219	0.687312	212
5878.248388	7.104998	9.647007	0.736498	213
5879.280503	6.373912	9.685250	0.658105	214
5880.327483	7.823294	9.672584	0.808811	215
5881.350196	6.706547	9.668046	0.693682	216
5882.396561	7.486592	9.690825	0.772544	217
5883.417094	6.762414	9.669739	0.699338	218
5884.465060	7.846271	9.701705	0.808752	219
5885.486334	6.415692	9.709035	0.660796	220
5886.522878	7.003627	9.673055	0.724035	221
5887.565712	7.042176	9.690299	0.726724	222
5888.602908	7.451832	9.710089	0.767432	223
5889.633774	6.938569	9.696311	0.715589	224
5890.671038	7.670472	9.710844	0.789887	225
5891.692376	6.426712	9.681344	0.663824	226
5892.738510	7.554106	9.725354	0.776744	227
5893.761068	6.245426	9.686718	0.644741	228
5894.797136	7.166320	9.692549	0.739364	229
5895.840681	6.874448	9.709102	0.708042	230
5896.863971	6.971330	9.707202	0.718161	231
5897.897262	6.560396	9.689815	0.677040	232
5898.945405	7.709050	9.667340	0.797432	233
5899.965923	6.409499	9.673149	0.662607	234
5901.001071	7.407241	9.693899	0.764114	235
5902.047168	6.948548	9.706960	0.715832	236
5903.069934	7.148742	9.675644	0.738839	237
5904.103061	6.434408	9.700334	0.663318	238
5905.149359	7.876731	9.722569	0.810149	239
5906.171992	6.484584	9.677470	0.670070	240
5907.205922	7.455719	9.690102	0.769416	241
5908.252112	7.245742	9.715799	0.745769	242
5909.274901	7.339208	9.678154	0.758327	243
5910.320559	7.005693	9.696126	0.722525	244
5911.344163	7.160011	9.694278	0.738581	245
5912.377462	6.598707	9.682402	0.681516	246
5913.411579	7.063088	9.681549	0.729541	247
5914.446318	6.543692	9.689646	0.675328	248
5915.493292	7.466159	9.707187	0.769137	249
5916.513894	6.648565	9.676932	0.687053	250
5917.549884	6.948472	9.663980	0.719007	251
5918.593921	6.999705	9.689457	0.722404	252
5919.630127	7.563428	9.691051	0.780455	253
5920.661420	7.044118	9.683254	0.727454	254
5921.686883	7.091936	9.651947	0.734767	255
5922.718312	6.624469	9.703076	0.682718	0
5923.767534	7.612109	9.735187	0.781917	1
5924.786233	6.850468	9.646647	0.710140	2
5925.825212	7.199715	9.655860	0.745632	3
5926.865834	7.308143	9.680196	0.754958	4
5927.893849	7.321233	9.668366	0.757236	5
5928.923598	6.545938	9.702415	0.674671	6
5929.974672	7.502311	9.685234	0.774613	7
5930.991470	6.847170	9.703822	0.705616	8
5932.031267	6.954891	9.680501	0.718443	9
5933.070785	7.300308	9.690899	0.753316	10
5934.099670	6.976260	9.682305	0.720516	11
5935.139711	7.107351	9.687492	0.733663	12
5936.168288	6.988637	9.717620	0.719172	13
5937.197377	6.605658	9.703530	0.680748	14
5938.247594	7.498820	9.708940	0.772362	15
5939.266098	6.522484	9.661313	0.675114	16
5940.305793	6.935205	9.694701	0.715360	17
5941.346198	7.216954	9.701725	0.743884	18
5942.372282	7.095444	9.672860	0.733541	19
5943.403872	6.577910	9.674993	0.679888	20
5944.452510	7.500954	9.707131	0.772726	21
5945.471772	6.830679	9.676746	0.705886	22
5946.509035	7.220717	9.686360	0.745452	23
5947.552728	7.015872	9.709392	0.722586	24
5948.576838	7.259840	9.708063	0.747816	25
5949.609491	6.877307	9.624012	0.714599	26
5950.656431	7.673823	9.685257	0.792320	27
5951.679260	6.784918	9.697887	0.699629	28
5952.714455	7.264845	9.687116	0.749949	29
5953.759112	7.295162	9.682516	0.753437	30
5954.793258	7.657431	9.684642	0.790678	31
5955.816361	6.593620	9.681627	0.681045	32
5956.849898	7.353543	9.655944	0.761556	33
5957.885100	6.372292	9.662225	0.659506	34
5958.931368	7.763126	9.702573	0.800110	35
5959.953476	6.685513	9.687679	0.690105	36
5960.988225	7.171120	9.705598	0.738864	37
5962.033073	7.033280	9.677267	0.726784	38
5963.056435	7.233323	9.678303	0.747375	39
5964.090549	6.514395	9.690643	0.672236	40
5965.136281	7.728302	9.696672	0.797006	41
5966.159618	6.532453	9.691627	0.674031	42
5967.205258	7.865275	9.678611	0.812645	43
5968.227362	6.668647	9.696662	0.687726	44
5969.261726	7.362535	9.678350	0.760722	45
5970.307487	7.053923	9.694309	0.727636	46
5971.330524	7.314033	9.689005	0.754880	47
5972.375975	7.046576	9.689872	0.727211	48
5973.410659	7.754989	9.671072	0.801875	49
5974.433756	6.728529	9.698474	0.693772	50
5975.479217	7.912956	9.688678	0.816722	51
5976.501618	6.754685	9.682941	0.697586	52
5977.535655	7.543106	9.702756	0.777419	53
5978.582248	6.923801	9.694654	0.714188	54
5979.604653	7.434507	9.655490	0.769977	55
5980.639505	6.501760	9.683917	0.671398	56
5981.683891	7.670437	9.688404	0.791713	57
5982.707713	6.593456	9.668938	0.681921	58
5983.741735	7.211993	9.700681	0.743452	59
5984.787169	7.139022	9.710546	0.735182	60
5985.809830	7.444752	9.677192	0.769309	61
5986.856325	7.166603	9.685526	0.739929	62
5987.879544	7.043209	9.684328	0.727279	63
5988.914209	6.548107	9.680315	0.676435	64
5989.959594	7.743586	9.693641	0.798832	65
5990.981934	6.665020	9.699553	0.687147	66
5992.028066	7.766387	9.695585	0.801023	67
5993.050768	6.698769	9.687625	0.691477	68
5994.086140	7.140476	9.665297	0.738775	69
5995.130255	7.196196	9.689652	0.742668	70
5996.165960	7.745296	9.697247	0.798711	71
5997.186263	6.861598	9.686638	0.708357	72
5998.223659	7.378328	9.686212	0.761735	73
5999.255362	6.753546	9.663084	0.698902	74
6000.303525	7.565486	9.706542	0.779421	75
6001.323142	6.976282	9.701856	0.719067	76
6002.372510	7.527439	9.688752	0.776926	77
6003.391430	6.878326	9.703018	0.708885	78
6004.429382	7.277495	9.700172	0.750244	79
6005.471622	7.073665	9.668061	0.731653	80
6006.499283	6.898903	9.687123	0.712173	81
6007.528066	6.688211	9.692112	0.690067	82
6008.567885	6.950239	9.698586	0.716624	83
6009.598274	6.637679	9.681795	0.685583	84
6010.646992	7.754162	9.689886	0.800233	85
6011.665372	6.815476	9.691137	0.703269	86
6012.704032	7.190544	9.686097	0.742357	87
6013.746052	7.192300	9.690775	0.742180	88
6014.783767	7.752591	9.702682	0.799015	89
6015.814535	7.298890	9.655480	0.755932	90
6016.840960	7.351362	9.670443	0.760189	91
6017.871984	6.566022	9.691165	0.677527	92
6018.920832	7.804163	9.670029	0.807047	93
6019.941386	6.838428	9.673105	0.706953	94
6020.989372	7.651643	9.688509	0.789765	95
6022.009451	7.105636	9.681211	0.733962	96
6023.045677	7.189759	9.668332	0.743640	97
6024.091054	7.277029	9.698387	0.750334	98
6025.125665	7.657498	9.692188	0.790069	99
6026.160015	6.930181	9.660765	0.717353	100
6027.184145	6.893389	9.662549	0.713413	101
6028.215743	6.511478	9.665100	0.673710	102
6029.262001	7.861714	9.672772	0.812768	103
6030.285859	6.657304	9.718697	0.685000	104
6031.319587	7.189431	9.689396	0.741990	105
6032.366479	7.108142	9.694235	0.733234	106
6033.388216	7.393541	9.687361	0.763215	107
6034.422665	6.894604	9.696970	0.711006	108
6035.468259	7.785855	9.685314	0.803883	109
6036.491720	6.773165	9.647789	0.702043	110
6037.526350	7.152946	9.697933	0.737574	111
6038.572970	7.070955	9.696623	0.729218	112
6039.594165	7.298978	9.705873	0.752017	113
6040.629485	6.677846	9.693303	0.688913	114
6041.674123	7.872238	9.686450	0.812706	115
6042.697985	6.410648	9.632665	0.665511	116
6043.731418	7.139009	9.679686	0.737525	117
6044.777901	7.151265	9.685516	0.738346	118
6045.800394	7.129958	9.676937	0.736799	119
6046.834671	6.616472	9.694695	0.682484	120
6047.879877	7.972397	9.662816	0.825059	121
6048.904587	6.631896	9.669453	0.685861	122
6049.938001	7.524387	9.683130	0.777061	123
6050.983310	7.207909	9.676893	0.744858	124
6052.005391	7.334616	9.694243	0.756595	125
6053.040544	6.686232	9.683903	0.690448	126
6054.086017	7.785387	9.682519	0.804066	127
6055.109215	6.676467	9.705084	0.687935	128
6056.143369	7.258703	9.669853	0.750653	129
6057.190274	6.932238	9.664456	0.717292	130
6058.211741	7.017256	9.679298	0.724976	131
6059.246466	6.449749	9.670152	0.666975	132
6060.292022	7.744484	9.695487	0.798772	133
6061.315420	6.619668	9.718846	0.681117	134
6062.349802	7.201723	9.688064	0.743360	135
6063.395708	7.238465	9.669735	0.748569	136
6064.418159	7.347570	9.686729	0.758519	137
6065.452443	6.939948	9.683128	0.716705	138
6066.487098	7.203018	9.670041	0.744880	139
6067.520517	6.722038	9.680600	0.694382	140
6068.566957	7.783493	9.701477	0.802300	141
6069.589716	6.673560	9.670796	0.690074	142
6070.636412	7.477215	9.675621	0.772789	143
6071.668654	7.096704	9.663399	0.734390	144
6072.693235	6.940566	9.667035	0.717962	145
6073.725714	6.621821	9.683693	0.683812	146
6074.762885	7.287823	9.681781	0.752736	147
6075.805608	7.266244	9.676931	0.750883	148
6076.831403	7.200047	9.669103	0.744645	149
6077.863603	6.729376	9.668812	0.695988	150
6078.912442	7.632504	9.707659	0.786235	151
6079.931689	6.852175	9.677097	0.708082	152
6080.968946	7.099230	9.673849	0.733858	153
6082.011548	7.384838	9.684992	0.762503	154
6083.036695	7.322095	9.669986	0.757198	155
6084.068726	6.714480	9.683984	0.693359	156
6085.117373	7.765929	9.667846	0.803274	157
6086.136659	6.825489	9.652198	0.707143	158
6087.185877	7.673755	9.715000	0.789887	159
6088.216941	7.268255	9.692184	0.749909	160
6089.242700	7.235870	9.622664	0.751961	161
6090.285492	7.140742	9.708866	0.735487	162
6091.323293	7.656425	9.664771	0.792199	163
6092.342979	6.752435	9.650452	0.699701	164
6093.380187	7.380580	9.684371	0.762113	165
6094.412232	6.766838	9.675494	0.699379	166
6095.460274	7.770471	9.691119	0.801814	167
6096.492377	7.377352	9.695277	0.760922	168
6097.516616	7.335147	9.697115	0.756426	169
6098.561919	7.218977	9.668075	0.746682	170
6099.585851	7.187711	9.664392	0.743731	171
6100.619458	6.657434	9.680440	0.687720	172
6101.664905	7.699378	9.669973	0.796215	173
6102.698848	7.231871	9.691630	0.746198	174
6103.722817	7.170028	9.684139	0.740389	175
6104.768881	7.029468	9.668763	0.727029	176
6105.791263	6.954011	9.702937	0.716691	177
6106.825263	6.635069	9.663705	0.686597	178
6107.859471	7.259531	9.686772	0.749427	179
6108.905342	7.306238	9.680790	0.754715	180
6109.927976	7.369998	9.665096	0.762538	181
6110.963100	6.646425	9.655944	0.688325	182
6112.009128	7.752237	9.706681	0.798650	183
6113.032163	6.751314	9.666391	0.698432	184
6114.065562	7.332656	9.681937	0.757354	185
6115.112708	7.146770	9.701812	0.736643	186
6116.133298	7.677794	9.717370	0.790110	187
6117.169457	6.708659	9.709426	0.690943	188
6118.214509	7.774231	9.682566	0.802910	189
6119.249275	7.222980	9.665535	0.747292	190
6120.271287	7.189647	9.661276	0.744172	191
6121.306827	6.776845	9.677918	0.700238	192
6122.351510	7.910678	9.692387	0.816175	193
6123.386790	7.029917	9.694546	0.725141	194
6124.408847	7.262314	9.697495	0.748886	195
6125.444681	6.360250	9.684629	0.656737	196
6126.488452	7.775848	9.685319	0.802849	197
6127.512987	6.676040	9.629289	0.693306	198
6128.546113	7.253434	9.673712	0.749809	199
6129.593264	7.131595	9.684431	0.736398	200
6130.615045	7.159236	9.700446	0.738032	201
6131.650216	6.886740	9.691617	0.710587	202
