time (s)	energy (uJ)	charge (mC)	voltage (mV)	crossing#mod 255
7256.955551	6.439340	11.109456	0.579627	30
7258.004192	7.746933	11.112638	0.697128	31
7259.024308	6.865313	11.081833	0.619511	32
7260.083460	8.011297	11.082338	0.722889	33
7261.092755	6.657729	11.088397	0.600423	34
7262.139955	7.527120	11.098697	0.678199	35
7263.175493	7.498721	11.088189	0.676280	36
7264.218919	7.888348	11.090535	0.711269	37
7265.245397	7.640702	11.109230	0.687780	38
7266.273043	7.076540	11.108190	0.637056	39
7267.318121	7.416057	11.123107	0.666725	40
7268.339942	7.080906	11.104972	0.637634	41
7269.373330	6.574582	11.079318	0.593410	42
7270.408622	7.448883	11.096527	0.671281	43
7271.441562	6.797645	11.052981	0.615006	44
7272.479107	7.590360	11.097635	0.683962	45
7273.520975	7.461718	11.114504	0.671350	46
7274.548579	7.814092	11.088454	0.704705	47
7275.575383	6.675390	11.111362	0.600772	48
7276.630371	8.179745	11.126143	0.735182	49
7277.642811	6.815532	11.114054	0.613236	50
7278.686858	7.553674	11.086997	0.681309	51
7279.711843	6.816424	11.109850	0.613548	52
7280.767320	8.215559	11.086764	0.741024	53
7281.779987	6.861760	11.107526	0.617758	54
7282.825508	7.348588	11.107576	0.661583	55
7283.860847	7.038034	11.070431	0.635751	56
7284.892147	7.624006	11.106859	0.686423	57
7285.918369	6.481507	11.102439	0.583791	58
7286.972254	8.521255	11.115933	0.766580	59
7287.986690	6.539622	11.093803	0.589484	60
7289.027962	7.583918	11.101956	0.683115	61
7290.069311	7.146272	11.073195	0.645367	62
7291.095388	7.860181	11.097650	0.708274	63
7292.127423	6.901571	11.106551	0.621396	64
7293.174586	8.002694	11.105932	0.720578	65
7294.196180	6.851639	11.100341	0.617246	66
7295.231349	7.266152	11.063517	0.656767	67
7296.276297	7.427242	11.099382	0.669158	68
7297.312030	8.139381	11.086855	0.734147	69
7298.331527	6.891688	11.087722	0.621560	70
7299.371647	7.411252	11.099159	0.667731	71
7300.410200	7.484461	11.115138	0.673357	72
7301.441965	7.551615	11.099357	0.680365	73
7302.476659	7.606202	11.108190	0.684738	74
7303.511627	7.508160	11.047863	0.679603	75
7304.544429	7.410252	11.094144	0.667943	76
7305.592113	8.219076	11.072434	0.742301	77
7306.601016	6.654216	11.100068	0.599475	78
7307.648638	7.625179	11.091438	0.687483	79
7308.682543	7.416914	11.099061	0.668247	80
7309.716804	7.385728	11.102045	0.665258	81
7310.741196	6.864841	11.096585	0.618644	82
7311.795551	7.944464	11.111452	0.714980	83
7312.811011	6.665504	11.078832	0.601643	84
7313.862975	8.119460	11.108493	0.730924	85
7314.880221	6.671512	11.107632	0.600624	86
7315.919014	7.509833	11.101275	0.676484	87
7316.960578	7.317964	11.082178	0.660336	88
7317.987132	7.700489	11.040340	0.697487	89
7319.016873	6.511517	11.097301	0.586766	90
7320.067392	8.324498	11.100679	0.749909	91
7321.085778	6.677461	11.074042	0.602983	92
7322.136947	8.360938	11.086312	0.754168	93
7323.153301	6.636858	11.080245	0.598981	94
7324.194047	7.790911	11.095473	0.702170	95
7325.232940	7.315605	11.090884	0.659605	96
7326.263734	7.537344	11.101552	0.678945	97
7327.300447	7.459836	11.097621	0.672201	98
7328.345817	8.086215	11.097212	0.728671	99
7329.356333	6.588470	11.098123	0.593656	100
7330.414908	7.967347	11.082135	0.718936	101
7331.423675	6.997549	11.092592	0.630831	102
7332.471268	7.644679	11.090213	0.689318	103
7333.504721	7.438673	11.071120	0.671899	104
7334.551170	8.165332	11.101019	0.735548	105
7335.575872	7.137148	11.084141	0.643906	106
7336.606496	7.578988	11.098535	0.682882	107
7337.634146	6.639166	11.074733	0.599488	108
7338.684748	8.147388	11.068385	0.736095	109
7339.703590	6.686721	11.110659	0.601829	110
7340.740675	7.573244	11.102921	0.682095	111
7341.785970	7.389966	11.096142	0.665994	112
7342.807533	7.683297	11.095089	0.692495	113
7343.842694	6.930992	11.091976	0.624865	114
7344.877011	7.641505	11.073527	0.690070	115
7345.923422	7.437563	11.098649	0.670132	116
7346.945047	8.021651	11.096401	0.722906	117
7347.978718	6.960950	11.063939	0.629157	118
7349.028181	8.277960	11.089911	0.746441	119
7350.046946	6.934923	11.096024	0.624992	120
7351.095858	8.177702	11.095806	0.737008	121
7352.126725	7.223167	11.089892	0.651329	122
7353.165978	8.229610	11.096613	0.741633	123
7354.195280	7.283361	11.106555	0.655771	124
7355.234077	8.196559	11.100347	0.738406	125
7356.253235	6.493080	11.080211	0.586007	126
7357.290404	7.651809	11.104153	0.689094	127
7358.333204	7.283219	11.094001	0.656501	128
7359.358735	7.646760	11.084039	0.689889	129
7360.389250	6.843363	11.089613	0.617097	130
7361.438527	8.405394	11.087097	0.758124	131
7362.459676	6.743651	11.087286	0.608233	132
7363.494773	7.780936	11.078132	0.702369	133
7364.528466	6.842002	11.081383	0.617432	134
7365.563317	7.534282	11.094614	0.679094	135
7366.609198	7.470189	11.074899	0.674515	136
7367.633091	7.220092	11.081063	0.651570	137
7368.665313	6.759280	11.095081	0.609214	138
7369.713981	8.041009	11.100046	0.724412	139
7370.744996	7.440514	11.093988	0.670680	140
7371.770381	7.448007	11.072283	0.672671	141
7372.800987	6.722514	11.096098	0.605845	142
7373.841719	7.559064	11.088429	0.681707	143
7374.878552	7.326323	11.071378	0.661735	144
7375.910927	7.528216	11.090197	0.678817	145
7376.934079	6.706946	11.083305	0.605140	146
7377.992217	8.157598	11.096944	0.735121	147
7379.014373	7.398584	11.095881	0.666787	148
7380.048977	7.642820	11.100714	0.688498	149
7381.083510	7.559085	11.114470	0.680112	150
7382.129525	8.206020	11.091196	0.739868	151
7383.140082	6.859032	11.080237	0.619033	152
7384.184987	7.475041	11.070754	0.675206	153
7385.221955	7.336195	11.107758	0.660457	154
7386.253685	7.532961	11.084962	0.679566	155
7387.279960	6.742533	11.093305	0.607802	156
7388.333410	8.196195	11.088874	0.739137	157
7389.360427	7.194142	11.095082	0.648408	158
7390.389849	7.794717	11.083603	0.703266	159
7391.417138	6.771098	11.088424	0.610646	160
7392.471366	8.144000	11.098674	0.733781	161
7393.497957	7.453514	11.117403	0.670437	162
7394.527346	7.787687	11.097889	0.701727	163
7395.554091	6.673070	11.046106	0.604111	164
7396.609336	8.290929	11.081114	0.748204	165
7397.622468	6.532221	11.076944	0.589713	166
7398.665271	7.987284	11.098785	0.719654	167
7399.702331	7.202631	11.087359	0.649625	168
7400.735917	7.490742	11.080235	0.676045	169
7401.758472	6.627301	11.086837	0.597763	170
7402.817387	8.157840	11.107393	0.734451	171
7403.826980	6.625457	11.092480	0.597293	172
7404.873067	7.531155	11.081382	0.679622	173
7405.908329	7.399257	11.077713	0.667941	174
7406.940252	7.679397	11.077784	0.693225	175
7407.965894	6.928404	11.105556	0.623868	176
7409.021242	7.833835	11.082184	0.706886	177
7410.035175	7.212425	11.088290	0.650454	178
7411.077007	7.305000	11.086082	0.658934	179
7412.117800	7.435065	11.084824	0.670743	180
7413.155691	7.917103	11.110064	0.712606	181
7414.187226	7.652848	11.096471	0.689665	182
7415.212130	7.302916	11.095365	0.658195	183
7416.257363	7.299114	11.071990	0.659241	184
7417.291533	8.089399	11.106219	0.728367	185
7418.314242	6.695389	11.081400	0.604201	186
7419.348667	7.312134	11.095390	0.659024	187
7420.395877	7.487285	11.105255	0.674211	188
7421.416679	7.588081	11.042925	0.687144	189
7422.452356	6.885094	11.097604	0.620413	190
7423.484939	7.745936	11.017160	0.703079	191
7424.532333	7.496325	11.107656	0.674879	192
7425.565930	8.561091	11.086905	0.772181	193
7426.589530	6.891587	11.076159	0.622200	194
7427.623635	7.892817	11.101295	0.710982	195
7428.669263	7.392848	11.087308	0.666785	196
7429.703488	8.252492	11.087433	0.744310	197
7430.726966	6.751235	11.088814	0.608833	198
7431.759905	7.603171	11.088475	0.685682	199
7432.807209	7.283180	11.107285	0.655712	200
7433.828221	7.550430	11.079366	0.681486	201
7434.864113	6.713427	11.042184	0.607980	202
7435.897823	7.604009	11.090712	0.685620	203
7436.944713	7.604868	11.087523	0.685894	204
7437.967203	7.735957	11.099173	0.696985	205
7439.002894	6.988996	11.093425	0.630013	206
7440.046121	8.329424	11.102742	0.750213	207
7441.081643	7.341413	11.080944	0.662526	208
7442.105285	7.710272	11.081671	0.695768	209
7443.138042	7.149685	11.098427	0.644207	210
7444.185938	8.050613	11.097471	0.725446	211
7445.204950	7.315734	11.072951	0.660685	212
7446.256795	8.109758	11.095221	0.730924	213
7447.284067	7.802779	11.088814	0.703662	214
7448.313860	7.402099	11.075858	0.668309	215
7449.339655	7.176547	11.078072	0.647816	216
7450.384532	7.653512	11.097512	0.689660	217
7451.420443	7.296569	11.039603	0.660945	218
7452.454776	7.539340	11.086121	0.680070	219
7453.476181	6.869607	11.079294	0.620040	220
7454.522873	7.950783	11.091336	0.716846	221
7455.557968	7.367496	11.087735	0.664473	222
7456.602879	8.449861	11.073787	0.763051	223
7457.626331	7.465100	11.091368	0.673055	224
7458.659278	7.828739	11.095479	0.705579	225
7459.695945	7.280549	11.078599	0.657172	226
7460.739921	8.357014	11.090032	0.753561	227
7461.753460	6.901614	11.069977	0.623453	228
7462.796627	7.605232	11.077216	0.686565	229
7463.821406	6.883938	11.070439	0.621831	230
7464.876847	8.321261	11.086459	0.750579	231
7465.891479	6.801702	11.104067	0.612541	232
7466.934205	7.417196	11.093246	0.668623	233
7467.959936	6.937793	11.102072	0.624910	234
7469.003148	7.467486	11.084022	0.673716	235
7470.040398	7.588380	11.096989	0.683823	236
7471.071504	7.716079	11.072544	0.696866	237
7472.097123	6.794454	11.042263	0.615314	238
7473.152915	8.366186	11.104010	0.753438	239
7474.164995	7.111129	11.081260	0.641726	240
7475.211400	7.733501	11.074798	0.698297	241
7476.245811	7.311022	11.091083	0.659180	242
7477.290845	8.293273	11.078834	0.748569	243
7478.301604	7.070641	11.094814	0.637292	244
7479.347925	7.702995	11.083008	0.695028	245
7480.383869	7.642663	11.092450	0.688997	246
7481.427717	8.353155	11.089417	0.753255	247
7482.453134	7.685065	11.090309	0.692953	248
7483.484611	7.901013	11.082046	0.712956	249
7484.522852	7.585960	11.088515	0.684128	250
7485.552229	7.843502	11.098245	0.706734	251
7486.581192	7.125957	11.098747	0.642051	252
7487.631709	8.274322	11.098638	0.745526	253
7488.650614	7.066697	11.051069	0.639458	254
7489.687751	7.823452	11.097245	0.704991	255
7490.732885	7.716410	11.079143	0.696481	0
7491.754875	7.760176	11.104805	0.698812	1
7492.790097	7.309516	11.097872	0.658641	2
7493.835355	8.414721	11.057693	0.760984	3
7494.860146	6.842681	11.088843	0.617078	4
7495.904616	8.365746	11.107911	0.753134	5
7496.927466	6.943172	11.105520	0.625200	6
7497.961343	7.632944	11.072067	0.689387	7
7499.008899	7.605947	11.075372	0.686744	8
7500.030580	7.665060	11.102101	0.690415	9
7501.077802	7.712425	11.113216	0.693987	10
7502.098503	7.633907	11.047610	0.691001	11
7503.134998	6.804046	11.076436	0.614281	12
7504.179547	8.193222	11.094879	0.738469	13
7505.204048	6.609502	11.055801	0.597831	14
7506.236019	7.543947	11.075807	0.681120	15
7507.271925	7.095689	11.059703	0.641581	16
7508.317357	8.106204	11.090384	0.730922	17
7509.353635	7.647654	11.077198	0.690396	18
7510.385448	8.333773	11.092378	0.751306	19
7511.410330	6.982906	11.098689	0.629165	20
7512.443815	7.586693	11.081593	0.684621	21
7513.490256	7.585160	11.084369	0.684311	22
7514.513293	7.566528	11.092425	0.682135	23
7515.546576	7.082616	11.079922	0.639230	24
7516.594531	8.226197	11.080200	0.742423	25
7517.614541	7.115156	11.080194	0.642151	26
7518.652596	7.673571	11.090673	0.691894	27
7519.694127	7.751678	11.078479	0.699706	28
7520.723015	7.563336	11.090361	0.681974	29
7521.749172	7.163582	11.077469	0.646680	30
7522.804550	8.124077	11.090819	0.732505	31
7523.817681	7.372146	11.090572	0.664722	32
7524.861764	7.749531	11.077533	0.699572	33
7525.885265	7.184062	11.083750	0.648162	34
7526.943551	8.176967	11.084761	0.737676	35
7527.965927	7.528962	11.092999	0.678713	36
7529.000636	7.779568	11.088941	0.701561	37
7530.035516	7.797008	11.087337	0.703235	38
7531.069099	7.824519	11.061620	0.707357	39
7532.093922	6.647137	11.092185	0.599263	40
7533.149488	8.362090	11.078000	0.754838	41
7534.161045	6.756064	11.093723	0.608999	42
7535.206758	7.705010	11.094689	0.694477	43
7536.242235	7.604649	11.056811	0.687780	44
7537.274695	7.758627	11.078476	0.700333	45
7538.300019	6.807415	11.093735	0.613627	46
7539.354122	8.611643	11.063462	0.778386	47
7540.380799	7.595772	11.091996	0.684798	48
7541.424928	8.502840	11.077808	0.767556	49
7542.436894	7.020484	11.098470	0.632563	50
7543.493792	8.455934	11.095885	0.762078	51
7544.517944	7.485312	11.088349	0.675061	52
7545.551160	7.885381	11.070076	0.712315	53
7546.587478	7.503998	11.084069	0.677008	54
7547.631938	8.440107	11.102612	0.760191	55
7548.643341	6.913042	11.077271	0.624074	56
7549.688601	7.879085	11.097944	0.709959	57
7550.723880	7.525826	11.074483	0.679565	58
7551.758263	7.696023	11.085961	0.694213	59
7552.793824	7.705369	11.089467	0.694837	60
7553.837881	8.170344	11.097754	0.736216	61
7554.851196	7.085623	11.081656	0.639401	62
7555.905915	8.256672	11.075847	0.745466	63
7556.921463	7.252563	11.093565	0.653763	64
7557.963035	7.479332	11.078216	0.675139	65
7559.002443	7.763251	11.069039	0.701348	66
7560.030798	7.715929	11.086123	0.695999	67
7561.060266	7.011493	11.080475	0.632779	68
7562.110762	8.323658	11.094177	0.750273	69
7563.130102	7.013173	11.076108	0.633180	70
7564.166734	7.714681	11.094035	0.695390	71
