time (s)	theta (A)	maj axis/z0	min axis/z0	crossing#mod 255
2283.057144	207.181030	0.920093	-0.237281	27
2285.125203	207.185211	0.919316	-0.237142	29
2287.193733	207.099564	0.919295	-0.237108	31
2289.263105	207.100510	0.920691	-0.237404	33
2291.331141	207.170395	0.921030	-0.237588	35
2293.400737	207.272018	0.921298	-0.237881	37
2295.469341	207.222168	0.920846	-0.237600	39
2297.538406	207.254669	0.921266	-0.237768	41
2299.606801	207.177734	0.921191	-0.238161	43
2301.674954	207.053070	0.921132	-0.238383	45
2303.743409	206.959213	0.919864	-0.238767	47
2305.810973	206.805984	0.920066	-0.239033	49
2307.879163	206.650482	0.919424	-0.239089	51
2309.946873	206.472412	0.919861	-0.239025	53
2312.014467	206.238983	0.919583	-0.239308	55
2314.082345	206.011642	0.919202	-0.239521	57
2316.150319	205.863678	0.919512	-0.240242	59
2318.218249	205.742599	0.919912	-0.240914	61
2320.286919	205.668945	0.920742	-0.241414	63
2322.355563	205.648697	0.920092	-0.241534	65
2324.424368	205.653397	0.919503	-0.241831	67
2326.493736	205.734558	0.920230	-0.242288	69
2328.562386	205.735535	0.920277	-0.242713	71
2330.631583	205.757660	0.920166	-0.242757	73
2332.700404	205.786926	0.921028	-0.243389	75
2334.769052	205.807495	0.921742	-0.242972	77
2336.837841	205.737747	0.922251	-0.243107	79
2338.906111	205.641159	0.920967	-0.242889	81
2340.974505	205.517639	0.920683	-0.243160	83
2343.042843	205.406891	0.920115	-0.243531	85
2345.110695	205.214005	0.919900	-0.243286	87
2347.178654	205.040878	0.919612	-0.243436	89
2349.246290	204.818665	0.919814	-0.243823	91
2351.314039	204.620743	0.919627	-0.243663	93
2353.381738	204.400986	0.919287	-0.243657	95
2355.449467	204.137100	0.918608	-0.243552	97
2357.517688	203.931000	0.919044	-0.243497	99
2359.585657	203.748306	0.918529	-0.243572	101
2361.654174	203.692444	0.917717	-0.243326	103
2363.722948	203.620941	0.917483	-0.243376	105
2365.791619	203.613571	0.917889	-0.243893	107
2367.860656	203.724136	0.919547	-0.244161	109
2369.929230	203.725876	0.918655	-0.244274	111
2371.998073	203.727371	0.917763	-0.243896	113
2374.066719	203.641846	0.916980	-0.243705	115
2376.135425	203.582108	0.917467	-0.244096	117
2378.203789	203.449661	0.918054	-0.244304	119
2380.271948	203.350952	0.919037	-0.245083	121
2382.340173	203.178772	0.918401	-0.245453	123
2384.408138	202.946167	0.918892	-0.245933	125
2386.476294	202.802979	0.919591	-0.246242	127
2388.544026	202.586151	0.918228	-0.246408	129
2390.611870	202.411942	0.918503	-0.246798	131
2392.680234	202.351639	0.918305	-0.246767	133
2394.748344	202.196060	0.918149	-0.247019	135
2396.817049	202.159332	0.917619	-0.247251	137
2398.885966	202.086990	0.917755	-0.247854	139
2400.955013	202.111313	0.918671	-0.248349	141
2403.023899	202.139542	0.918168	-0.248381	143
2405.092900	202.111069	0.917460	-0.248611	145
2407.161837	202.096161	0.917934	-0.248952	147
2409.230747	202.101196	0.917847	-0.249460	149
2411.299432	202.034119	0.918127	-0.249672	151
2413.367996	202.000031	0.918395	-0.249647	153
2415.436286	201.884857	0.918269	-0.249869	155
2417.504710	201.749191	0.918298	-0.250180	157
2419.572931	201.650879	0.918254	-0.250025	159
2421.640853	201.483780	0.919176	-0.250382	161
2423.708934	201.360336	0.918414	-0.250153	163
2425.776759	201.131638	0.918181	-0.250019	165
2427.844573	200.913071	0.918027	-0.250170	167
2429.912674	200.707031	0.917647	-0.250208	169
2431.980767	200.527588	0.917175	-0.250132	171
2434.048811	200.347733	0.916266	-0.250159	173
2436.117181	200.193359	0.915573	-0.249999	175
2438.185667	200.091568	0.916109	-0.250473	177
2440.254287	200.073868	0.915021	-0.250511	179
2442.323005	200.026199	0.914912	-0.250209	181
2444.391850	200.011093	0.914577	-0.250365	183
2446.460553	199.965851	0.914234	-0.250582	185
2448.529099	199.917068	0.914332	-0.251044	187
2450.597716	199.833191	0.914497	-0.251450	189
2452.666115	199.719131	0.915546	-0.251894	191
2454.734617	199.595093	0.915419	-0.252165	193
2456.802936	199.504257	0.914878	-0.252791	195
2458.871225	199.344040	0.914664	-0.252821	197
2460.939365	199.202011	0.914469	-0.253205	199
2463.007511	199.002228	0.914642	-0.253459	201
2465.075850	198.884048	0.914970	-0.253938	203
2467.144248	198.717911	0.914895	-0.254293	205
2469.212725	198.591782	0.915226	-0.254795	207
2471.281260	198.497559	0.915143	-0.255228	209
2473.350185	198.423935	0.915286	-0.256034	211
2475.418848	198.386658	0.915157	-0.256635	213
2477.488008	198.385666	0.914911	-0.257050	215
2479.556894	198.379517	0.914114	-0.256848	217
2481.625673	198.355316	0.913721	-0.256851	219
2483.694714	198.318069	0.913296	-0.257110	221
2485.763495	198.270767	0.912286	-0.256985	223
2487.832205	198.212311	0.912833	-0.257172	225
2489.900695	198.140564	0.912062	-0.257161	227
2491.969185	198.037033	0.912892	-0.257787	229
2494.037608	197.906342	0.914640	-0.258676	231
2496.105820	197.778519	0.914744	-0.259051	233
2498.173983	197.599289	0.913926	-0.259247	235
2500.242139	197.397171	0.913630	-0.259563	237
2502.310290	197.253342	0.913309	-0.259909	239
2504.378384	196.985352	0.912702	-0.259898	241
2506.446557	196.833023	0.912074	-0.260046	243
2508.514651	196.607178	0.913560	-0.260805	245
2510.582863	196.458466	0.914210	-0.261299	247
2512.651251	196.334549	0.914217	-0.261260	249
2514.719812	196.205978	0.913938	-0.261291	251
2516.788491	196.122101	0.913805	-0.261416	253
2518.857079	196.078262	0.913336	-0.261563	255
2520.925819	195.992218	0.913002	-0.261870	1
2522.994453	195.917877	0.912667	-0.261844	3
2525.063236	195.874878	0.912462	-0.261796	5
2527.131894	195.756073	0.912233	-0.261927	7
2529.200262	195.637772	0.912119	-0.262532	9
2531.268846	195.532364	0.912618	-0.262923	11
2533.337259	195.402878	0.913209	-0.263246	13
2535.405687	195.276169	0.912746	-0.263328	15
2537.474135	195.100311	0.912059	-0.263491	17
2539.542638	194.990616	0.912305	-0.263863	19
2541.610938	194.818314	0.912525	-0.264381	21
2543.679587	194.677597	0.912246	-0.264612	23
2545.748194	194.591736	0.912297	-0.265029	25
2547.816857	194.487473	0.912462	-0.265492	27
2549.885792	194.494232	0.912545	-0.266176	29
2551.954628	194.392075	0.912460	-0.266322	31
2554.023630	194.373108	0.912810	-0.266746	33
2556.092576	194.341812	0.912233	-0.266801	35
2558.161709	194.269302	0.911050	-0.267238	37
2560.230622	194.188446	0.910206	-0.267558	39
2562.299479	194.118256	0.910470	-0.268092	41
2564.368269	194.021362	0.910418	-0.268898	43
2566.437029	193.898590	0.909979	-0.269303	45
2568.505598	193.782379	0.909308	-0.269253	47
2570.574183	193.662582	0.909212	-0.269641	49
2572.642656	193.514908	0.909572	-0.270175	51
2574.711143	193.346619	0.909855	-0.270520	53
2576.779002	193.147751	0.909163	-0.270793	55
2578.847395	192.940399	0.909231	-0.271145	57
2580.915480	192.733292	0.908956	-0.271689	59
2582.983811	192.552765	0.909013	-0.271843	61
2585.052195	192.351974	0.908762	-0.272120	63
2587.120691	192.202667	0.908833	-0.272103	65
2589.189265	192.106918	0.908821	-0.272305	67
