time (s)	theta (A)	maj axis/z0	min axis/z0	crossing#mod 255
8823.020561	209.807999	0.972284	0.295481	245
8825.088070	210.078796	0.973893	0.293966	247
8827.153533	210.784546	0.973580	0.292757	249
8829.219767	211.248779	0.970852	0.290167	251
8831.289797	210.647415	0.967697	0.288576	253
8833.360384	210.106018	0.970135	0.288339	255
8835.425459	210.773193	0.973839	0.287017	1
8837.491171	211.538651	0.969569	0.283994	3
8839.562238	210.905762	0.965552	0.281337	5
8841.632247	210.258850	0.968905	0.281648	7
8843.698191	210.942749	0.971177	0.280213	9
8845.763032	211.726562	0.969708	0.277616	11
8847.831903	211.763870	0.967325	0.276028	13
8849.901298	211.257050	0.968022	0.275729	15
8851.971417	210.839996	0.969155	0.275051	17
8854.040179	210.743774	0.970398	0.274042	19
8856.108034	210.820084	0.970209	0.272336	21
8858.176059	210.944794	0.971118	0.271064	23
8860.244848	211.041916	0.971928	0.270448	25
8862.311841	211.209442	0.973469	0.269370	27
8864.379552	211.518997	0.974819	0.268356	29
8866.444595	211.863205	0.973249	0.265111	31
8868.510652	212.106171	0.969668	0.262220	33
8870.579687	212.132797	0.965984	0.260373	35
8872.650698	211.784424	0.966376	0.260672	37
8874.720145	211.683121	0.971150	0.260165	39
8876.785293	212.012436	0.975028	0.258989	41
8878.850674	212.331512	0.973073	0.256634	43
8880.918640	212.351852	0.970134	0.256030	45
8882.990042	212.087036	0.970379	0.254817	47
8885.059152	211.825073	0.971773	0.253607	49
8887.127102	211.952988	0.972906	0.252629	51
8889.192864	212.252518	0.973215	0.250882	53
8891.259984	212.518768	0.972808	0.248923	55
8893.326285	212.771667	0.972356	0.246770	57
8895.394530	212.883331	0.971969	0.245763	59
8897.462398	212.945786	0.973149	0.245109	61
8899.531058	212.870758	0.972053	0.244070	63
8901.600392	212.657257	0.971049	0.242945	65
8903.670030	212.386108	0.969935	0.241556	67
8905.738394	212.167938	0.969973	0.240091	69
8907.805545	212.440781	0.972602	0.238826	71
8909.871503	213.131470	0.972518	0.237119	73
8911.937317	213.598312	0.971852	0.235661	75
8914.005933	213.545151	0.970824	0.234544	77
8916.076273	212.975723	0.971218	0.234046	79
8918.146097	212.511444	0.973349	0.233763	81
8920.213643	212.729401	0.975747	0.232390	83
8922.279320	213.345825	0.975864	0.230099	85
8924.345434	213.837692	0.975198	0.228799	87
8926.412427	214.058212	0.974791	0.227220	89
8928.480230	214.129684	0.974825	0.226132	91
8930.548286	214.167603	0.974427	0.224768	93
8932.616038	214.169907	0.974262	0.223572	95
8934.683967	214.206451	0.974212	0.222150	97
8936.751621	214.275574	0.973142	0.220515	99
8938.819792	214.274460	0.971487	0.218941	101
8940.888438	214.183090	0.971095	0.217599	103
8942.958074	214.041977	0.970980	0.217081	105
8945.027962	213.870453	0.971272	0.216691	107
8947.096913	213.775009	0.971374	0.215788	109
8949.164427	213.913940	0.971943	0.214521	111
8951.230113	214.197327	0.972009	0.212897	113
8953.296236	214.456360	0.970990	0.211090	115
8955.363372	214.585785	0.969837	0.209781	117
8957.432978	214.506302	0.969221	0.208920	119
8959.502488	214.339310	0.969926	0.207927	121
8961.571875	214.148529	0.971225	0.207424	123
8963.640308	214.028885	0.971991	0.206895	125
8965.708396	214.044342	0.972669	0.205566	127
8967.775929	214.049240	0.971909	0.204606	129
8969.843912	214.035477	0.971785	0.203341	131
8971.911959	214.058121	0.972354	0.202615	133
8973.980028	214.077423	0.974400	0.201906	135
8976.047859	214.156693	0.975849	0.200896	137
8978.115154	214.359680	0.976119	0.199164	139
8980.181570	214.661392	0.976059	0.197952	141
8982.247948	215.094284	0.974986	0.196150	143
8984.314486	215.467941	0.973682	0.194406	145
8986.382799	215.566910	0.972488	0.193388	147
8988.451859	215.273926	0.972569	0.193231	149
8990.521642	214.866150	0.972450	0.192497	151
8992.591237	214.582718	0.973338	0.191828	153
8994.659196	214.561234	0.973527	0.190463	155
8996.726331	214.838028	0.973735	0.188519	157
8998.793053	215.126221	0.973103	0.186899	159
9000.860253	215.356964	0.973050	0.185488	161
9002.927690	215.520554	0.973848	0.184614	163
9004.995186	215.581055	0.974731	0.184098	165
9007.063058	215.683685	0.975369	0.183169	167
9009.131299	215.654312	0.975930	0.182342	169
9011.199830	215.549652	0.975499	0.181495	171
9013.268743	215.437088	0.976767	0.180496	173
9015.337853	215.344543	0.977239	0.179610	175
9017.406509	215.244659	0.978241	0.178814	177
9019.474808	215.340668	0.978633	0.178201	179
9021.541655	215.492218	0.979336	0.177442	181
9023.608261	215.743912	0.979101	0.175556	183
9025.674352	215.927765	0.977784	0.173496	185
9027.741509	216.022095	0.976650	0.172119	187
9029.809392	216.116196	0.975610	0.170732	189
9031.878148	216.010147	0.975318	0.169786	191
9033.947230	215.898010	0.976198	0.168874	193
9036.016231	215.824799	0.977122	0.168322	195
9038.084868	215.737595	0.978048	0.167689	197
9040.153433	215.685516	0.977546	0.166328	199
9042.221371	215.659927	0.976726	0.165104	201
9044.289170	215.720322	0.977273	0.164119	203
9046.356824	215.819702	0.978064	0.162324	205
9048.424422	215.868378	0.978589	0.161314	207
9050.491612	216.108124	0.980061	0.160507	209
9052.558300	216.354996	0.980052	0.159463	211
9054.625151	216.588531	0.979346	0.158387	213
9056.692621	216.716766	0.978656	0.157296	215
9058.760800	216.805298	0.979623	0.156434	217
9060.829773	216.647842	0.979467	0.155942	219
9062.898771	216.387726	0.979431	0.155782	221
9064.968532	216.096497	0.979186	0.155314	223
9067.037175	215.918488	0.979744	0.154484	225
9069.105602	215.909393	0.980672	0.153120	227
9071.173209	216.004623	0.981568	0.152149	229
9073.240545	216.158142	0.981225	0.150759	231
9075.307926	216.306259	0.981692	0.149626	233
9077.375766	216.435379	0.981059	0.148307	235
9079.443551	216.490250	0.981515	0.147538	237
9081.511341	216.513885	0.982238	0.147050	239
9083.580002	216.553238	0.982747	0.146253	241
9085.648292	216.533615	0.982381	0.145486	243
9087.716537	216.482544	0.981478	0.144520	245
9089.785187	216.500443	0.981807	0.143512	247
9091.852591	216.530029	0.981172	0.142927	249
9093.919890	216.678711	0.980643	0.141933	251
9095.986826	216.876450	0.981874	0.140722	253
9098.053360	217.045792	0.982818	0.139721	255
9100.120216	217.130814	0.982370	0.138309	1
9102.187436	217.239746	0.980216	0.136835	3
9104.255321	217.242996	0.978891	0.135560	5
9106.323988	217.173462	0.978584	0.134524	7
9108.392313	217.220917	0.979832	0.133542	9
9110.461164	217.121277	0.980388	0.132977	11
9112.529363	217.111526	0.981468	0.132258	13
9114.597650	217.066742	0.983613	0.131374	15
9116.665569	217.059570	0.983987	0.130325	17
9118.733050	217.080933	0.985293	0.129659	19
9120.800657	217.185944	0.985283	0.128523	21
9122.868150	217.303253	0.985044	0.127458	23
9124.935248	217.459763	0.983241	0.125892	25
9127.002714	217.653381	0.982468	0.124955	27
