crossing time (s)	slope (V/s)	crossing number
5592.397277	1.241656	4406
5593.410329	1.355019	4407
5594.464520	1.295650	4408
5595.479637	1.366661	4409
5596.530697	1.260620	4410
5597.548321	1.364026	4411
5598.596822	1.288188	4412
5599.618798	1.472283	4413
5600.662404	1.333361	4414
5601.690126	1.414507	4415
5602.726478	1.361064	4416
5603.761756	1.426367	4417
5604.790590	1.414374	4418
5605.834144	1.361575	4419
5606.854607	1.303051	4420
5607.905328	1.419443	4421
5608.918122	1.334937	4422
5609.976774	1.341646	4423
5610.983273	1.269049	4424
5612.047205	1.394057	4425
5613.048769	1.312226	4426
5614.117967	1.405043	4427
5615.114921	1.371544	4428
5616.187702	1.401003	4429
5617.180364	1.270551	4430
5618.256357	1.477461	4431
5619.248448	1.410866	4432
5620.324030	1.403084	4433
5621.315875	1.287860	4434
5622.391235	1.438462	4435
5623.384211	1.367229	4436
5624.459708	1.489693	4437
5625.452997	1.392455	4438
5626.525866	1.430598	4439
5627.521963	1.329749	4440
5628.591861	1.545209	4441
5629.591895	1.397829	4442
5630.657176	1.509164	4443
5631.662349	1.419876	4444
5632.723211	1.480417	4445
5633.733163	1.366400	4446
5634.787680	1.552758	4447
5635.804516	1.514691	4448
5636.851991	1.455359	4449
5637.876385	1.400366	4450
5638.917105	1.587575	4451
5639.948074	1.495223	4452
5640.981002	1.591241	4453
5642.018687	1.524159	4454
5643.046130	1.611384	4455
5644.089227	1.498261	4456
5645.111725	1.640849	4457
5646.158869	1.503886	4458
5647.178765	1.601095	4459
5648.228119	1.509228	4460
5649.245890	1.624501	4461
5650.296753	1.518057	4462
5651.313380	1.550084	4463
5652.364700	1.491657	4464
5653.380917	1.592934	4465
5654.432023	1.505536	4466
5655.448953	1.649594	4467
5656.499637	1.443975	4468
5657.517271	1.639810	4469
5658.566905	1.547733	4470
5659.586162	1.697851	4471
5660.634060	1.546506	4472
5661.655001	1.697041	4473
5662.700582	1.560532	4474
5663.725508	1.674341	4475
5664.766149	1.623927	4476
5665.795619	1.689983	4477
5666.830862	1.571818	4478
5667.866388	1.693586	4479
5668.895707	1.715346	4480
5669.938077	1.623721	4481
5670.960696	1.635541	4482
5672.008599	1.749025	4483
5673.025367	1.611873	4484
5674.079759	1.712057	4485
5675.090596	1.563129	4486
5676.149637	1.680246	4487
5677.155788	1.565536	4488
5678.220151	1.658815	4489
5679.222605	1.585728	4490
5680.288751	1.678310	4491
5681.289519	1.604951	4492
5682.358258	1.646880	4493
5683.357404	1.597508	4494
5684.426158	1.679417	4495
5685.425359	1.586398	4496
5686.494086	1.696125	4497
5687.493482	1.643152	4498
5688.561247	1.665708	4499
5689.561333	1.700094	4500
5690.628813	1.772211	4501
5691.630087	1.650312	4502
5692.696554	1.692326	4503
5693.700305	1.815589	4504
5694.762252	1.707179	4505
5695.769890	1.727633	4506
5696.828373	1.730004	4507
5697.840442	1.684692	4508
5698.893591	1.797157	4509
5699.911979	1.687594	4510
5700.958327	1.831582	4511
5701.982349	1.844282	4512
5703.024100	1.891961	4513
5704.052599	1.780342	4514
5705.088548	1.859894	4515
5706.123970	1.831013	4516
5707.154311	1.933271	4517
5708.194096	1.807973	4518
5709.220760	1.865499	4519
5710.263391	1.807453	4520
5711.287589	2.028184	4521
5712.333128	1.816549	4522
5713.354940	1.907755	4523
5714.400843	1.841772	4524
5715.421892	1.919066	4525
5716.468889	1.874951	4526
5717.491623	1.270592	4527
5718.537394	1.759657	4528
5719.558128	1.922634	4529
5720.603654	2.027315	4530
5721.626488	1.981707	4531
5722.671900	1.782871	4532
5723.695975	1.883148	4533
5724.739317	1.848379	4534
5725.764482	2.009370	4535
5726.805875	1.848414	4536
5727.834967	1.947958	4537
5728.871558	1.909969	4538
5729.904552	1.994168	4539
5730.936700	1.949685	4540
5731.975328	2.011342	4541
5733.002860	1.888518	4542
5734.045094	2.050885	4543
5735.068200	1.956567	4544
5736.116289	1.904998	4545
5737.133670	1.929348	4546
5738.186334	2.006235	4547
5739.198790	2.013624	4548
5740.256212	1.973463	4549
5741.265693	1.935472	4550
5742.325167	1.957467	4551
5743.332262	1.929686	4552
5744.394981	1.973986	4553
5745.399233	2.002339	4554
5746.463709	1.964047	4555
5747.466777	1.852095	4556
5748.532720	2.054521	4557
5749.534310	1.928361	4558
5750.600530	1.979842	4559
5751.602270	1.903502	4560
5752.667552	2.037284	4561
5753.671298	1.926126	4562
5754.734900	2.003415	4563
5755.740460	1.943908	4564
5756.801595	2.021585	4565
5757.809536	1.995329	4566
5758.868685	2.056231	4567
5759.879404	2.023022	4568
5760.934491	2.061485	4569
5761.949748	2.012337	4570
5763.000294	2.102994	4571
5764.020206	2.020956	4572
5765.066631	2.075615	4573
5766.090885	2.080358	4574
5767.131570	2.146675	4575
5768.160729	2.156146	4576
5769.197474	2.128888	4577
5770.230869	2.055881	4578
5771.263505	2.165005	4579
5772.300574	2.100770	4580
5773.330483	2.242037	4581
5774.370007	2.175035	4582
5775.397447	2.177190	4583
5776.439083	2.105249	4584
5777.463602	2.176830	4585
5778.508215	2.156185	4586
5779.531736	2.151617	4587
5780.575762	2.069962	4588
5781.599437	2.166968	4589
5782.644261	2.111547	4590
5783.667779	2.230824	4591
5784.711700	2.123290	4592
5785.736231	2.247094	4593
5786.779577	2.167369	4594
5787.804678	2.286744	4595
5788.846449	2.114013	4596
5789.873986	2.224548	4597
5790.912991	2.138063	4598
5791.943639	2.236452	4599
5792.979821	2.168761	4600
5794.013207	2.247790	4601
5795.045337	2.226598	4602
5796.083100	2.311197	4603
5797.111789	2.174245	4604
5798.153559	2.221779	4605
5799.177305	2.186795	4606
5800.222911	2.261965	4607
5801.243311	2.120859	4608
5802.293276	2.168443	4609
5803.309594	2.231009	4610
5804.362657	2.277519	4611
5805.375979	2.219129	4612
5806.432070	2.208912	4613
5807.442518	2.209719	4614
5808.501465	2.274642	4615
5809.509518	2.191083	4616
5810.569924	2.334688	4617
5811.576730	2.245637	4618
5812.638168	2.254679	4619
5813.645269	2.222370	4620
5814.706648	2.277769	4621
5815.713051	2.264302	4622
5816.774557	2.324066	4623
5817.781717	2.256872	4624
5818.841544	2.335104	4625
5819.851023	2.194192	4626
5820.908890	2.318837	4627
5821.919971	2.293019	4628
5822.975717	2.395694	4629
5823.989531	2.219628	4630
5825.042060	2.399339	4631
5826.059547	2.274346	4632
5827.108530	2.380961	4633
5828.129110	2.308385	4634
5829.174585	2.399060	4635
5830.199301	2.426813	4636
5831.240736	2.478953	4637
5832.269275	2.398808	4638
5833.307133	2.397480	4639
5834.338861	2.452324	4640
5835.373453	2.547898	4641
5836.408513	2.335225	4642
5837.440165	2.374355	4643
5838.478026	2.381100	4644
5839.507195	2.540843	4645
5840.547079	2.493744	4646
5841.574704	2.607803	4647
5842.615148	2.452480	4648
5843.641945	2.429550	4649
5844.683913	2.455797	4650
5845.709837	2.529191	4651
5846.751769	2.403227	4652
5847.778140	2.548045	4653
5848.819675	2.604439	4654
5849.847022	2.508758	4655
5850.886867	2.440309	4656
5851.915643	2.481735	4657
5852.954383	2.457130	4658
5853.984607	2.615813	4659
5855.021319	2.525905	4660
5856.053938	2.518561	4661
5857.087998	2.439002	4662
5858.123317	2.583103	4663
5859.154365	2.623167	4664
5860.193440	2.577631	4665
5861.221073	2.469408	4666
5862.263042	2.587309	4667
5863.287026	2.674943	4668
5864.333475	2.640409	4669
5865.353513	2.478578	4670
5866.402557	2.609860	4671
5867.420084	2.532580	4672
5868.472259	2.590138	4673
5869.486741	2.558557	4674
5870.541846	2.578418	4675
5871.553679	2.511991	4676
5872.610564	2.589819	4677
5873.620780	2.474558	4678
5874.679584	2.585768	4679
5875.688821	2.480341	4680
5876.747537	2.624346	4681
5877.756641	2.582603	4682
5878.815650	2.645214	4683
5879.824986	2.534611	4684
5880.883455	2.638574	4685
5881.893297	2.580644	4686
5882.950766	2.628010	4687
5883.962377	2.609808	4688
5885.018059	2.578602	4689
5886.032089	2.702344	4690
5887.085081	2.701108	4691
5888.101196	2.627242	4692
5889.151601	2.711477	4693
5890.170687	2.588834	4694
5891.218107	2.689977	4695
5892.240537	2.681861	4696
5893.284648	2.765466	4697
5894.310348	2.614038	4698
5895.350677	2.766521	4699
5896.379804	2.708880	4700
5897.417472	2.786765	4701
5898.449750	2.652041	4702
5899.484165	2.792056	4703
5900.519164	2.735815	4704
5901.550541	2.807119	4705
5902.588312	2.625698	4706
5903.618255	2.798977	4707
5904.657088	2.717044	4708
5905.685765	2.848867	4709
5906.725487	2.735200	4710
5907.753239	2.825731	4711
5908.793489	2.786887	4712
5909.821349	2.897118	4713
5910.861621	2.891246	4714
5911.889660	2.841915	4715
5912.929802	2.690456	4716
5913.958501	2.885547	4717
5914.997105	2.802628	4718
5916.027408	2.858858	4719
5917.064786	2.795356	4720
5918.096176	2.927174	4721
5919.131630	2.848686	4722
5920.164965	2.876677	4723
5921.198966	2.851058	4724
5922.234474	2.899196	4725
5923.265837	2.839767	4726
5924.303747	2.940794	4727
5925.332403	2.902133	4728
5926.373120	2.904545	4729
5927.399166	2.841447	4730
5928.442799	2.934858	4731
5929.465769	2.845907	4732
5930.512096	3.013375	4733
5931.532618	2.781393	4734
5932.582030	2.876226	4735
5933.599097	2.900529	4736
5934.650807	2.898094	4737
5935.666575	2.818731	4738
5936.719867	2.953458	4739
5937.734081	2.827626	4740
5938.788388	2.955348	4741
5939.802200	2.822521	4742
5940.856521	3.077536	4743
5941.869882	2.857963	4744
5942.925098	2.950385	4745
5943.938257	2.911792	4746
5944.992646	2.994836	4747
5946.006867	2.879330	4748
5947.060091	3.010163	4749
5948.075603	2.924830	4750
5949.127690	3.046413	4751
5950.144578	2.980107	4752
5951.194802	2.979346	4753
5952.214032	2.934215	4754
5953.261530	3.053905	4755
5954.283221	2.921717	4756
5955.328480	3.027645	4757
5956.352520	2.956497	4758
5957.395009	3.036883	4759
5958.422105	2.992094	4760
5959.461938	3.119748	4761
5960.491618	3.055194	4762
5961.528936	3.109817	4763
5962.560872	2.981540	4764
5963.595625	3.183588	4765
5964.630153	3.020091	4766
5965.662786	3.101956	4767
5966.698685	2.937698	4768
5967.730193	3.095701	4769
5968.767469	3.024607	4770
5969.797694	3.164087	4771
5970.835723	3.048237	4772
5971.865559	3.036539	4773
5972.903892	3.063913	4774
5973.933576	3.135105	4775
5974.972283	3.003892	4776
5976.001822	3.151830	4777
5977.040158	3.100158	4778
5978.070543	3.120692	4779
5979.107369	3.067792	4780
5980.139477	3.218967	4781
5981.174372	3.018934	4782
5982.208196	3.185098	4783
5983.241757	3.091577	4784
5984.277459	3.174717	4785
5985.309117	3.079914	4786
5986.346938	3.097569	4787
5987.375848	3.104712	4788
5988.416230	3.273274	4789
5989.442364	3.151706	4790
5990.485690	3.166715	4791
5991.509488	3.008954	4792
5992.554610	3.266471	4793
5993.576647	3.210909	4794
5994.624012	3.240024	4795
5995.643963	3.123409	4796
5996.692802	3.158458	4797
5997.710829	3.149491	4798
5998.761864	3.175006	4799
5999.778657	3.155512	4800
6000.830257	3.239902	4801
6001.846063	3.123428	4802
6002.898529	3.207771	4803
6003.914023	3.157545	4804
6004.966664	3.216929	4805
6005.982273	3.185922	4806
6007.034642	3.305666	4807
6008.050668	3.128672	4808
6009.102567	3.222881	4809
6010.119683	3.142248	4810
6011.169932	3.243803	4811
6012.188116	3.243120	4812
6013.237312	3.251305	4813
6014.256918	3.187407	4814
6015.304563	3.370660	4815
6016.326533	3.268966	4816
6017.371599	3.364879	4817
6018.395566	3.251463	4818
6019.438494	3.332966	4819
6020.464850	3.219756	4820
6021.505720	3.428738	4821
6022.534101	3.314808	4822
6023.572722	3.304256	4823
6024.603416	3.207564	4824
6025.639785	3.390927	4825
6026.672501	3.281083	4826
6027.707055	3.366266	4827
6028.741549	3.280610	4828
6029.774499	3.390996	4829
6030.810274	3.330469	4830
