crossing time (s)	slope (V/s)	crossing number
7334.031055	1.681853	6081
7335.047500	1.677129	6082
7336.097273	1.970961	6083
7337.118535	2.017767	6084
7338.159507	1.667695	6085
7339.191321	1.826574	6086
7340.222677	1.983904	6087
7341.262594	1.854474	6088
7342.286517	1.631679	6089
7343.334209	1.790793	6090
7344.351240	1.807937	6091
7345.403669	1.897354	6092
7346.419263	1.875945	6093
7347.469157	1.793751	6094
7348.490297	2.075663	6095
7349.532489	1.825127	6096
7350.564466	1.738039	6097
7351.593926	1.742274	6098
7352.638112	1.997519	6099
7353.653345	1.792443	6100
7354.713854	1.842234	6101
7355.717429	1.762982	6102
7356.785178	1.919427	6103
7357.781311	1.837086	6104
7358.854696	1.804158	6105
7359.846639	1.748198	6106
7360.922591	1.748616	6107
7361.915271	1.831263	6108
7362.990369	1.884678	6109
7363.984100	1.873281	6110
7365.056836	1.713607	6111
7366.051373	1.906456	6112
7367.125575	1.858518	6113
7368.119851	1.817967	6114
7369.193229	1.760620	6115
7370.186527	1.875945	6116
7371.261392	1.901790	6117
7372.254029	1.876723	6118
7373.330117	1.836054	6119
7374.321843	1.803053	6120
7375.395827	1.805458	6121
7376.392557	1.840814	6122
7377.459493	1.953729	6123
7378.464497	1.709013	6124
7379.521715	1.879315	6125
7380.538799	1.853104	6126
7381.581810	1.907704	6127
7382.613806	1.844698	6128
7383.643649	2.002171	6129
7384.686461	1.683831	6130
7385.706880	1.873385	6131
7386.757804	1.880794	6132
7387.772308	1.889737	6133
7388.825682	1.875683	6134
7389.840561	1.894494	6135
7390.892006	1.835260	6136
7391.910164	1.830403	6137
7392.957175	1.972340	6138
7393.980960	1.892247	6139
7395.022241	1.925733	6140
7396.050941	1.853935	6141
7397.086750	1.930985	6142
7398.121899	1.847585	6143
7399.152296	2.087793	6144
7400.191297	1.726133	6145
7401.219226	1.922340	6146
7402.259639	1.910846	6147
7403.285825	2.025918	6148
7404.327231	1.771981	6149
7405.354660	1.853646	6150
7406.394866	1.942915	6151
7407.423330	1.932757	6152
7408.461164	1.793080	6153
7409.493313	1.964503	6154
7410.526678	1.852941	6155
7411.563348	1.968963	6156
7412.591037	1.922750	6157
7413.633307	1.967159	6158
7414.656889	1.831166	6159
7415.703289	1.859402	6160
7416.721927	1.862171	6161
7417.773259	1.947943	6162
7418.788923	1.933429	6163
7419.840861	1.825815	6164
7420.857670	1.988031	6165
7421.907032	1.921010	6166
7422.928216	2.022129	6167
7423.970902	1.812186	6168
7425.000695	2.050386	6169
7426.033117	1.940803	6170
7427.073770	1.968086	6171
7428.095416	1.896069	6172
7429.147325	1.924403	6173
7430.158000	1.951154	6174
7431.219876	1.897371	6175
7432.222038	1.842241	6176
7433.289939	1.902707	6177
7434.287445	1.907663	6178
7435.359410	1.939200	6179
7436.353529	1.869735	6180
7437.427715	1.905436	6181
7438.421720	1.995745	6182
7439.495531	1.928224	6183
7440.489775	1.928006	6184
7441.563243	1.912033	6185
7442.556800	1.942430	6186
7443.631136	1.966308	6187
7444.625226	1.928356	6188
7445.698307	1.926421	6189
7446.692912	1.879103	6190
7447.765272	1.955744	6191
7448.762358	1.875927	6192
7449.830769	1.997841	6193
7450.832385	1.861154	6194
7451.895431	1.913614	6195
7452.904918	1.925308	6196
7453.958114	2.030361	6197
7454.977509	1.908159	6198
7456.020415	2.059264	6199
7457.051329	1.896204	6200
7458.082741	1.997448	6201
7459.124171	1.921395	6202
7460.146227	2.002785	6203
7461.195347	1.948048	6204
7462.211491	2.045361	6205
7463.264514	1.963282	6206
7464.278526	1.952621	6207
7465.332377	1.960129	6208
7466.346288	2.031226	6209
7467.398968	1.948811	6210
7468.415721	1.959181	6211
7469.464835	2.005435	6212
7470.484560	1.917582	6213
7471.531396	2.004127	6214
7472.553523	1.942837	6215
7473.597248	2.031472	6216
7474.622029	1.852380	6217
7475.664641	1.998764	6218
7476.690643	1.937414	6219
7477.732194	1.996748	6220
7478.757895	1.941058	6221
7479.800042	2.061312	6222
7480.824877	1.966847	6223
7481.868857	2.023807	6224
7482.891663	1.911213	6225
7483.937531	2.031467	6226
7484.957895	2.014520	6227
7486.007087	1.966319	6228
7487.024282	1.932669	6229
7488.075281	2.023977	6230
7489.091169	1.969374	6231
7490.144446	1.965728	6232
7491.158944	2.060445	6233
7492.211525	1.916234	6234
7493.227094	1.943168	6235
7494.277363	2.064072	6236
7495.297949	2.068768	6237
7496.341859	1.890475	6238
7497.369782	2.004786	6239
7498.405256	2.026072	6240
7499.442450	2.118102	6241
7500.468456	1.968431	6242
7501.514977	1.987995	6243
7502.531601	2.016153	6244
7503.587192	2.031111	6245
7504.595360	1.977014	6246
7505.657825	2.029372	6247
7506.660329	1.958584	6248
7507.721192	2.513959	6249
7508.726692	1.922694	6250
7509.796439	2.051569	6251
7510.794550	1.986220	6252
7511.864997	2.004018	6253
7512.860956	1.973618	6254
7513.933003	1.982046	6255
7514.928560	1.920258	6256
7516.000244	2.002190	6257
7516.997208	2.027872	6258
7518.067753	1.979928	6259
7519.064917	1.995612	6260
7520.134368	2.059527	6261
7521.134654	1.900050	6262
7522.199966	1.982657	6263
7523.205402	1.911171	6264
7524.264178	2.020273	6265
7525.276740	1.962514	6266
7526.328159	2.032460	6267
7527.348923	2.013783	6268
7528.390983	2.098998	6269
7529.421836	1.922926	6270
7530.454599	2.033472	6271
7531.493539	1.979849	6272
7532.518476	2.118836	6273
7533.564458	2.013314	6274
7534.583653	2.053453	6275
7535.634237	1.975421	6276
7536.649860	2.039925	6277
7537.702683	1.975680	6278
7538.717220	2.047153	6279
7539.770526	2.012131	6280
7540.784792	2.013503	6281
7541.837686	1.967719	6282
7542.853521	2.044324	6283
7543.904660	2.066455	6284
7544.922045	2.010642	6285
7545.972015	1.971145	6286
7546.990148	1.999908	6287
7548.038342	2.050278	6288
7549.058602	1.974170	6289
7550.107335	2.039449	6290
7551.125348	2.046977	6291
7552.175206	2.067139	6292
7553.193392	2.010136	6293
7554.243510	2.059485	6294
7555.260299	2.042709	6295
7556.311932	2.006743	6296
7557.327338	1.999073	6297
7558.380367	2.021430	6298
7559.394607	2.063189	6299
7560.448285	2.032632	6300
7561.463254	2.043591	6301
7562.514777	1.999954	6302
7563.532051	2.092458	6303
7564.581372	2.050325	6304
7565.602113	2.054113	6305
7566.646528	1.998195	6306
7567.672674	2.146997	6307
7568.710725	2.028105	6308
7569.744764	2.122491	6309
7570.774088	2.040569	6310
7571.816316	2.091316	6311
7572.837777	1.960834	6312
7573.887990	2.049164	6313
7574.901968	2.073718	6314
7575.958789	2.088818	6315
7576.967493	1.928994	6316
7578.029242	2.128690	6317
7579.033148	2.016248	6318
7580.098195	2.017762	6319
7581.099895	2.037169	6320
7582.167049	2.091145	6321
7583.167295	2.018223	6322
7584.235147	2.032004	6323
7585.234814	2.050833	6324
7586.302633	2.079285	6325
7587.302690	1.972905	6326
7588.370089	2.058087	6327
7589.371327	2.084856	6328
7590.436820	2.102778	6329
7591.440884	1.994583	6330
7592.504068	2.129838	6331
7593.510683	1.994670	6332
7594.567521	2.098291	6333
7595.581582	2.003198	6334
7596.632177	2.210329	6335
7597.652226	2.044728	6336
7598.696101	2.107051	6337
7599.725684	1.978923	6338
7600.760167	2.200043	6339
7601.797167	2.058239	6340
7602.824592	2.190593	6341
7603.868480	2.037152	6342
7604.889650	2.120588	6343
7605.937940	2.059743	6344
7606.955492	2.164019	6345
7608.007241	2.095269	6346
7609.022660	2.123966	6347
7610.075415	2.113718	6348
7611.090036	2.123429	6349
7612.143827	2.085818	6350
7613.158279	2.142426	6351
7614.210788	2.131045	6352
7615.226298	2.053866	6353
7616.278502	2.128009	6354
7617.294064	2.081998	6355
7618.345861	2.084663	6356
7619.362270	2.072099	6357
7620.413286	2.094951	6358
7621.429720	2.127097	6359
7622.481657	2.083706	6360
7623.497172	2.088745	6361
7624.549705	2.118937	6362
7625.564449	2.127675	6363
7626.617604	2.104028	6364
7627.632446	2.147353	6365
7628.685067	2.077767	6366
7629.700488	2.125831	6367
7630.752525	2.164989	6368
7631.769004	2.216959	6369
7632.818843	2.050566	6370
7633.838969	2.136069	6371
7634.884859	2.111973	6372
7635.909284	2.252642	6373
7636.950503	2.122360	6374
7637.979441	2.168652	6375
7639.013921	2.052062	6376
7640.050971	2.173411	6377
7641.078923	2.066956	6378
7642.122725	2.105812	6379
7643.143031	2.032103	6380
7644.193862	2.215427	6381
7645.207207	2.075409	6382
7646.263929	2.163986	6383
7647.273852	2.054348	6384
7648.333531	2.198038	6385
7649.339746	2.152927	6386
7650.402612	2.158514	6387
7651.406420	2.136184	6388
7652.470964	2.146772	6389
7653.474115	2.038122	6390
7654.539282	2.225451	6391
7655.541715	2.113766	6392
7656.606169	2.167730	6393
7657.610890	2.054164	6394
7658.673219	2.196692	6395
7659.679737	2.055464	6396
7660.740061	2.220487	6397
7661.749387	2.124941	6398
7662.805730	2.169249	6399
7663.819396	2.073368	6400
7664.870579	2.201997	6401
7665.890651	2.087283	6402
7666.935110	2.155350	6403
7667.961979	2.079298	6404
7668.999650	2.243828	6405
7670.033432	2.091619	6406
7671.064545	2.262752	6407
7672.103916	2.131839	6408
7673.129550	2.192243	6409
7674.174455	2.148413	6410
7675.195084	2.223366	6411
7676.243824	2.078931	6412
7677.261577	2.167904	6413
7678.312770	2.145324	6414
7679.328355	2.216726	6415
7680.381093	2.130815	6416
7681.396106	2.152692	6417
7682.447700	2.130711	6418
7683.464014	2.199364	6419
7684.516119	2.187267	6420
